134 3 2 0 10 7 80 126 8
135 3 2 0 10 80 81 127 126
136 3 2 0 10 81 82 128 127
137 3 2 0 10 82 83 129 128
138 3 2 0 10 83 84 130 129
139 3 2 0 10 84 85 131 130
140 3 2 0 10 85 86 132 131
141 3 2 0 10 86 87 133 132
142 3 2 0 10 87 88 134 133
143 3 2 0 10 88 89 135 134
144 3 2 0 10 89 90 136 135
145 3 2 0 10 90 91 137 136
146 3 2 0 10 91 92 138 137
147 3 2 0 10 92 93 139 138
148 3 2 0 10 93 94 140 139
149 3 2 0 10 94 95 141 140
150 3 2 0 10 95 96 142 141
151 3 2 0 10 96 97 143 142
152 3 2 0 10 97 98 144 143
153 3 2 0 10 98 99 145 144
154 3 2 0 10 99 100 146 145
155 3 2 0 10 100 101 147 146
156 3 2 0 10 101 102 148 147
157 3 2 0 10 102 1 79 148
158 3 2 0 10 8 126 149 9
159 3 2 0 10 126 127 150 149
160 3 2 0 10 127 128 151 150
161 3 2 0 10 128 129 152 151
162 3 2 0 10 129 130 153 152
163 3 2 0 10 130 131 154 153
164 3 2 0 10 131 132 155 154
165 3 2 0 10 132 133 156 155
166 3 2 0 10 133 134 157 156
167 3 2 0 10 134 135 158 157
168 3 2 0 10 135 136 159 158
169 3 2 0 10 136 137 160 159
170 3 2 0 10 137 138 161 160
171 3 2 0 10 138 139 162 161
172 3 2 0 10 139 140 163 162
173 3 2 0 10 140 141 164 163
174 3 2 0 10 141 142 165 164
175 3 2 0 10 142 143 166 165
176 3 2 0 10 143 144 167 166
177 3 2 0 10 144 145 168 167
178 3 2 0 10 145 146 169 168
179 3 2 0 10 146 147 170 169
180 3 2 0 10 147 148 171 170
181 3 2 0 10 148 79 78 171
182 3 2 0 10 9 149 172 10
183 3 2 0 10 149 150 173 172
184 3 2 0 10 150 151 174 173
185 3 2 0 10 151 152 175 174
186 3 2 0 10 152 153 176 175
187 3 2 0 10 153 154 177 176
188 3 2 0 10 154 155 178 177
189 3 2 0 10 155 156 179 178
190 3 2 0 10 156 157 180 179
191 3 2 0 10 157 158 181 180
192 3 2 0 10 158 159 182 181
193 3 2 0 10 159 160 183 182
194 3 2 0 10 160 161 184 183
195 3 2 0 10 161 162 185 184
196 3 2 0 10 162 163 186 185
197 3 2 0 10 163 164 187 186
198 3 2 0 10 164 165 188 187
199 3 2 0 10 165 166 189 188
200 3 2 0 10 166 167 190 189
201 3 2 0 10 167 168 191 190
202 3 2 0 10 168 169 192 191
203 3 2 0 10 169 170 193 192
204 3 2 0 10 170 171 194 193
205 3 2 0 10 171 78 77 194
206 3 2 0 10 10 172 195 11
207 3 2 0 10 172 173 196 195
208 3 2 0 10 173 174 197 196
209 3 2 0 10 174 175 198 197
210 3 2 0 10 175 176 199 198
211 3 2 0 10 176 177 200 199
212 3 2 0 10 177 178 201 200
213 3 2 0 10 178 179 202 201
214 3 2 0 10 179 180 203 202
215 3 2 0 10 180 181 204 203
216 3 2 0 10 181 182 205 204
217 3 2 0 10 182 183 206 205
218 3 2 0 10 183 184 207 206
219 3 2 0 10 184 185 208 207
220 3 2 0 10 185 186 209 208
221 3 2 0 10 186 187 210 209
222 3 2 0 10 187 188 211 210
223 3 2 0 10 188 189 212 211
224 3 2 0 10 189 190 213 212
225 3 2 0 10 190 191 214 213
226 3 2 0 10 191 192 215 214
227 3 2 0 10 192 193 216 215
228 3 2 0 10 193 194 217 216
229 3 2 0 10 194 77 76 217
230 3 2 0 10 11 195 218 12
231 3 2 0 10 195 196 219 218
232 3 2 0 10 196 197 220 219
233 3 2 0 10 197 198 221 220
234 3 2 0 10 198 199 222 221
235 3 2 0 10 199 200 223 222
236 3 2 0 10 200 201 224 223
237 3 2 0 10 201 202 225 224
238 3 2 0 10 202 203 226 225
239 3 2 0 10 203 204 227 226
240 3 2 0 10 204 205 228 227
241 3 2 0 10 205 206 229 228
242 3 2 0 10 206 207 230 229
243 3 2 0 10 207 208 231 230
244 3 2 0 10 208 209 232 231
245 3 2 0 10 209 210 233 232
246 3 2 0 10 210 211 234 233
247 3 2 0 10 211 212 235 234
248 3 2 0 10 212 213 236 235
249 3 2 0 10 213 214 237 236
250 3 2 0 10 214 215 238 237
251 3 2 0 10 215 216 239 238
252 3 2 0 10 216 217 240 239
253 3 2 0 10 217 76 75 240
254 3 2 0 10 12 218 241 13
255 3 2 0 10 218 219 242 241
256 3 2 0 10 219 220 243 242
257 3 2 0 10 220 221 244 243
258 3 2 0 10 221 222 245 244
259 3 2 0 10 222 223 246 245
260 3 2 0 10 223 224 247 246
261 3 2 0 10 224 225 248 247
262 3 2 0 10 225 226 249 248
263 3 2 0 10 226 227 250 249
264 3 2 0 10 227 228 251 250
265 3 2 0 10 228 229 252 251
266 3 2 0 10 229 230 253 252
267 3 2 0 10 230 231 254 253
268 3 2 0 10 231 232 255 254
269 3 2 0 10 232 233 256 255
270 3 2 0 10 233 234 257 256
271 3 2 0 10 234 235 258 257
272 3 2 0 10 235 236 259 258
273 3 2 0 10 236 237 260 259
274 3 2 0 10 237 238 261 260
275 3 2 0 10 238 239 262 261
276 3 2 0 10 239 240 263 262
277 3 2 0 10 240 75 74 263
278 3 2 0 10 13 241 264 14
279 3 2 0 10 241 242 265 264
280 3 2 0 10 242 243 266 265
281 3 2 0 10 243 244 267 266
282 3 2 0 10 244 245 268 267
283 3 2 0 10 245 246 269 268
284 3 2 0 10 246 247 270 269
285 3 2 0 10 247 248 271 270
286 3 2 0 10 248 249 272 271
287 3 2 0 10 249 250 273 272
288 3 2 0 10 250 251 274 273
289 3 2 0 10 251 252 275 274
290 3 2 0 10 252 253 276 275
291 3 2 0 10 253 254 277 276
292 3 2 0 10 254 255 278 277
293 3 2 0 10 255 256 279 278
294 3 2 0 10 256 257 280 279
295 3 2 0 10 257 258 281 280
296 3 2 0 10 258 259 282 281
297 3 2 0 10 259 260 283 282
298 3 2 0 10 260 261 284 283
299 3 2 0 10 261 262 285 284
300 3 2 0 10 262 263 286 285
301 3 2 0 10 263 74 73 286
302 3 2 0 10 14 264 287 15
303 3 2 0 10 264 265 288 287
304 3 2 0 10 265 266 289 288
305 3 2 0 10 266 267 290 289
306 3 2 0 10 267 268 291 290
307 3 2 0 10 268 269 292 291
308 3 2 0 10 269 270 293 292
309 3 2 0 10 270 271 294 293
310 3 2 0 10 271 272 295 294
311 3 2 0 10 272 273 296 295
312 3 2 0 10 273 274 297 296
313 3 2 0 10 274 275 298 297
314 3 2 0 10 275 276 299 298
315 3 2 0 10 276 277 300 299
316 3 2 0 10 277 278 301 300
317 3 2 0 10 278 279 302 301
318 3 2 0 10 279 280 303 302
319 3 2 0 10 280 281 304 303
320 3 2 0 10 281 282 305 304
321 3 2 0 10 282 283 306 305
322 3 2 0 10 283 284 307 306
323 3 2 0 10 284 285 308 307
324 3 2 0 10 285 286 309 308
325 3 2 0 10 286 73 72 309
326 3 2 0 10 15 287 125 6
327 3 2 0 10 287 288 124 125
328 3 2 0 10 288 289 123 124
329 3 2 0 10 289 290 122 123
330 3 2 0 10 290 291 121 122
331 3 2 0 10 291 292 120 121
332 3 2 0 10 292 293 119 120
333 3 2 0 10 293 294 118 119
334 3 2 0 10 294 295 117 118
335 3 2 0 10 295 296 116 117
336 3 2 0 10 296 297 115 116
337 3 2 0 10 297 298 114 115
338 3 2 0 10 298 299 113 114
339 3 2 0 10 299 300 112 113
340 3 2 0 10 300 301 111 112
341 3 2 0 10 301 302 110 111
342 3 2 0 10 302 303 109 110
343 3 2 0 10 303 304 108 109
344 3 2 0 10 304 305 107 108
345 3 2 0 10 305 306 106 107
346 3 2 0 10 306 307 105 106
347 3 2 0 10 307 308 104 105
348 3 2 0 10 308 309 103 104
349 3 2 0 10 309 72 2 103
350 3 2 0 12 6 125 310 32
351 3 2 0 12 125 124 311 310
352 3 2 0 12 124 123 312 311
353 3 2 0 12 123 122 313 312
354 3 2 0 12 122 121 314 313
355 3 2 0 12 121 120 315 314
356 3 2 0 12 120 119 316 315
357 3 2 0 12 119 118 317 316
358 3 2 0 12 118 117 318 317
359 3 2 0 12 117 116 319 318
360 3 2 0 12 116 115 320 319
361 3 2 0 12 115 114 321 320
362 3 2 0 12 114 113 322 321
363 3 2 0 12 113 112 323 322
364 3 2 0 12 112 111 324 323
365 3 2 0 12 111 110 325 324
366 3 2 0 12 110 109 326 325
367 3 2 0 12 109 108 327 326
368 3 2 0 12 108 107 328 327
369 3 2 0 12 107 106 329 328
370 3 2 0 12 106 105 330 329
371 3 2 0 12 105 104 331 330
372 3 2 0 12 104 103 332 331
373 3 2 0 12 103 2 64 332
374 3 2 0 12 32 310 333 31
375 3 2 0 12 310 311 334 333
376 3 2 0 12 311 312 335 334
377 3 2 0 12 312 313 336 335
378 3 2 0 12 313 314 337 336
379 3 2 0 12 314 315 338 337
380 3 2 0 12 315 316 339 338
381 3 2 0 12 316 317 340 339
382 3 2 0 12 317 318 341 340
383 3 2 0 12 318 319 342 341
384 3 2 0 12 319 320 343 342
385 3 2 0 12 320 321 344 343
386 3 2 0 12 321 322 345 344
387 3 2 0 12 322 323 346 345
388 3 2 0 12 323 324 347 346
389 3 2 0 12 324 325 348 347
390 3 2 0 12 325 326 349 348
391 3 2 0 12 326 327 350 349
392 3 2 0 12 327 328 351 350
393 3 2 0 12 328 329 352 351
394 3 2 0 12 329 330 353 352
395 3 2 0 12 330 331 354 353
396 3 2 0 12 331 332 355 354
397 3 2 0 12 332 64 65 355
398 3 2 0 12 31 333 356 30
399 3 2 0 12 333 334 357 356
400 3 2 0 12 334 335 358 357
401 3 2 0 12 335 336 359 358
402 3 2 0 12 336 337 360 359
403 3 2 0 12 337 338 361 360
404 3 2 0 12 338 339 362 361
405 3 2 0 12 339 340 363 362
406 3 2 0 12 340 341 364 363
407 3 2 0 12 341 342 365 364
408 3 2 0 12 342 343 366 365
409 3 2 0 12 343 344 367 366
410 3 2 0 12 344 345 368 367
411 3 2 0 12 345 346 369 368
412 3 2 0 12 346 347 370 369
413 3 2 0 12 347 348 371 370
414 3 2 0 12 348 349 372 371
415 3 2 0 12 349 350 373 372
416 3 2 0 12 350 351 374 373
417 3 2 0 12 351 352 375 374
418 3 2 0 12 352 353 376 375
419 3 2 0 12 353 354 377 376
420 3 2 0 12 354 355 378 377
421 3 2 0 12 355 65 66 378
422 3 2 0 12 30 356 379 29
423 3 2 0 12 356 357 380 379
424 3 2 0 12 357 358 381 380
425 3 2 0 12 358 359 382 381
426 3 2 0 12 359 360 383 382
427 3 2 0 12 360 361 384 383
428 3 2 0 12 361 362 385 384
429 3 2 0 12 362 363 386 385
430 3 2 0 12 363 364 387 386
431 3 2 0 12 364 365 388 387
432 3 2 0 12 365 366 389 388
433 3 2 0 12 366 367 390 389
434 3 2 0 12 367 368 391 390
435 3 2 0 12 368 369 392 391
436 3 2 0 12 369 370 393 392
437 3 2 0 12 370 371 394 393
438 3 2 0 12 371 372 395 394
439 3 2 0 12 372 373 396 395
440 3 2 0 12 373 374 397 396
441 3 2 0 12 374 375 398 397
442 3 2 0 12 375 376 399 398
443 3 2 0 12 376 377 400 399
444 3 2 0 12 377 378 401 400
445 3 2 0 12 378 66 67 401
446 3 2 0 12 29 379 402 28
447 3 2 0 12 379 380 403 402
448 3 2 0 12 380 381 404 403
449 3 2 0 12 381 382 405 404
450 3 2 0 12 382 383 406 405
451 3 2 0 12 383 384 407 406
452 3 2 0 12 384 385 408 407
453 3 2 0 12 385 386 409 408
454 3 2 0 12 386 387 410 409
455 3 2 0 12 387 388 411 410
456 3 2 0 12 388 389 412 411
457 3 2 0 12 389 390 413 412
458 3 2 0 12 390 391 414 413
459 3 2 0 12 391 392 415 414
460 3 2 0 12 392 393 416 415
461 3 2 0 12 393 394 417 416
462 3 2 0 12 394 395 418 417
463 3 2 0 12 395 396 419 418
464 3 2 0 12 396 397 420 419
465 3 2 0 12 397 398 421 420
466 3 2 0 12 398 399 422 421
467 3 2 0 12 399 400 423 422
468 3 2 0 12 400 401 424 423
469 3 2 0 12 401 67 68 424
470 3 2 0 12 28 402 425 27
471 3 2 0 12 402 403 426 425
472 3 2 0 12 403 404 427 426
473 3 2 0 12 404 405 428 427
474 3 2 0 12 405 406 429 428
475 3 2 0 12 406 407 430 429
476 3 2 0 12 407 408 431 430
477 3 2 0 12 408 409 432 431
478 3 2 0 12 409 410 433 432
479 3 2 0 12 410 411 434 433
480 3 2 0 12 411 412 435 434
481 3 2 0 12 412 413 436 435
482 3 2 0 12 413 414 437 436
483 3 2 0 12 414 415 438 437
484 3 2 0 12 415 416 439 438
485 3 2 0 12 416 417 440 439
486 3 2 0 12 417 418 441 440
487 3 2 0 12 418 419 442 441
488 3 2 0 12 419 420 443 442
489 3 2 0 12 420 421 444 443
490 3 2 0 12 421 422 445 444
491 3 2 0 12 422 423 446 445
492 3 2 0 12 423 424 447 446
493 3 2 0 12 424 68 69 447
494 3 2 0 12 27 425 448 26
495 3 2 0 12 425 426 449 448
496 3 2 0 12 426 427 450 449
497 3 2 0 12 427 428 451 450
498 3 2 0 12 428 429 452 451
499 3 2 0 12 429 430 453 452
500 3 2 0 12 430 431 454 453
501 3 2 0 12 431 432 455 454
502 3 2 0 12 432 433 456 455
503 3 2 0 12 433 434 457 456
504 3 2 0 12 434 435 458 457
505 3 2 0 12 435 436 459 458
506 3 2 0 12 436 437 460 459
507 3 2 0 12 437 438 461 460
508 3 2 0 12 438 439 462 461
509 3 2 0 12 439 440 463 462
510 3 2 0 12 440 441 464 463
511 3 2 0 12 441 442 465 464
512 3 2 0 12 442 443 466 465
513 3 2 0 12 443 444 467 466
514 3 2 0 12 444 445 468 467
515 3 2 0 12 445 446 469 468
516 3 2 0 12 446 447 470 469
517 3 2 0 12 447 69 70 470
518 3 2 0 12 26 448 471 25
519 3 2 0 12 448 449 472 471
520 3 2 0 12 449 450 473 472
521 3 2 0 12 450 451 474 473
522 3 2 0 12 451 452 475 474
523 3 2 0 12 452 453 476 475
524 3 2 0 12 453 454 477 476
525 3 2 0 12 454 455 478 477
526 3 2 0 12 455 456 479 478
527 3 2 0 12 456 457 480 479
528 3 2 0 12 457 458 481 480
529 3 2 0 12 458 459 482 481
530 3 2 0 12 459 460 483 482
531 3 2 0 12 460 461 484 483
532 3 2 0 12 461 462 485 484
533 3 2 0 12 462 463 486 485
534 3 2 0 12 463 464 487 486
535 3 2 0 12 464 465 488 487
536 3 2 0 12 465 466 489 488
537 3 2 0 12 466 467 490 489
538 3 2 0 12 467 468 491 490
539 3 2 0 12 468 469 492 491
540 3 2 0 12 469 470 493 492
541 3 2 0 12 470 70 71 493
542 3 2 0 12 25 471 494 24
543 3 2 0 12 471 472 495 494
544 3 2 0 12 472 473 496 495
545 3 2 0 12 473 474 497 496
546 3 2 0 12 474 475 498 497
547 3 2 0 12 475 476 499 498
548 3 2 0 12 476 477 500 499
549 3 2 0 12 477 478 501 500
550 3 2 0 12 478 479 502 501
551 3 2 0 12 479 480 503 502
552 3 2 0 12 480 481 504 503
553 3 2 0 12 481 482 505 504
554 3 2 0 12 482 483 506 505
555 3 2 0 12 483 484 507 506
556 3 2 0 12 484 485 508 507
557 3 2 0 12 485 486 509 508
558 3 2 0 12 486 487 510 509
559 3 2 0 12 487 488 511 510
560 3 2 0 12 488 489 512 511
561 3 2 0 12 489 490 513 512
562 3 2 0 12 490 491 514 513
563 3 2 0 12 491 492 515 514
564 3 2 0 12 492 493 516 515
565 3 2 0 12 493 71 3 516
566 3 2 0 12 24 494 517 23
567 3 2 0 12 494 495 518 517
568 3 2 0 12 495 496 519 518
569 3 2 0 12 496 497 520 519
570 3 2 0 12 497 498 521 520
571 3 2 0 12 498 499 522 521
572 3 2 0 12 499 500 523 522
573 3 2 0 12 500 501 524 523
574 3 2 0 12 501 502 525 524
575 3 2 0 12 502 503 526 525
576 3 2 0 12 503 504 527 526
577 3 2 0 12 504 505 528 527
578 3 2 0 12 505 506 529 528
579 3 2 0 12 506 507 530 529
580 3 2 0 12 507 508 531 530
581 3 2 0 12 508 509 532 531
582 3 2 0 12 509 510 533 532
583 3 2 0 12 510 511 534 533
584 3 2 0 12 511 512 535 534
585 3 2 0 12 512 513 536 535
586 3 2 0 12 513 514 537 536
587 3 2 0 12 514 515 538 537
588 3 2 0 12 515 516 539 538
589 3 2 0 12 516 3 56 539
590 3 2 0 12 23 517 540 22
591 3 2 0 12 517 518 541 540
592 3 2 0 12 518 519 542 541
593 3 2 0 12 519 520 543 542
594 3 2 0 12 520 521 544 543
595 3 2 0 12 521 522 545 544
596 3 2 0 12 522 523 546 545
597 3 2 0 12 523 524 547 546
598 3 2 0 12 524 525 548 547
599 3 2 0 12 525 526 549 548
600 3 2 0 12 526 527 550 549
601 3 2 0 12 527 528 551 550
602 3 2 0 12 528 529 552 551
603 3 2 0 12 529 530 553 552
604 3 2 0 12 530 531 554 553
605 3 2 0 12 531 532 555 554
606 3 2 0 12 532 533 556 555
607 3 2 0 12 533 534 557 556
608 3 2 0 12 534 535 558 557
609 3 2 0 12 535 536 559 558
610 3 2 0 12 536 537 560 559
611 3 2 0 12 537 538 561 560
612 3 2 0 12 538 539 562 561
613 3 2 0 12 539 56 57 562
614 3 2 0 12 22 540 563 21
615 3 2 0 12 540 541 564 563
616 3 2 0 12 541 542 565 564
617 3 2 0 12 542 543 566 565
618 3 2 0 12 543 544 567 566
619 3 2 0 12 544 545 568 567
620 3 2 0 12 545 546 569 568
621 3 2 0 12 546 547 570 569
622 3 2 0 12 547 548 571 570
623 3 2 0 12 548 549 572 571
624 3 2 0 12 549 550 573 572
625 3 2 0 12 550 551 574 573
626 3 2 0 12 551 552 575 574
627 3 2 0 12 552 553 576 575
628 3 2 0 12 553 554 577 576
629 3 2 0 12 554 555 578 577
630 3 2 0 12 555 556 579 578
631 3 2 0 12 556 557 580 579
632 3 2 0 12 557 558 581 580
633 3 2 0 12 558 559 582 581
634 3 2 0 12 559 560 583 582
635 3 2 0 12 560 561 584 583
636 3 2 0 12 561 562 585 584
637 3 2 0 12 562 57 58 585
638 3 2 0 12 21 563 586 20
639 3 2 0 12 563 564 587 586
640 3 2 0 12 564 565 588 587
641 3 2 0 12 565 566 589 588
642 3 2 0 12 566 567 590 589
643 3 2 0 12 567 568 591 590
644 3 2 0 12 568 569 592 591
645 3 2 0 12 569 570 593 592
646 3 2 0 12 570 571 594 593
647 3 2 0 12 571 572 595 594
648 3 2 0 12 572 573 596 595
649 3 2 0 12 573 574 597 596
650 3 2 0 12 574 575 598 597
651 3 2 0 12 575 576 599 598
652 3 2 0 12 576 577 600 599
653 3 2 0 12 577 578 601 600
654 3 2 0 12 578 579 602 601
655 3 2 0 12 579 580 603 602
656 3 2 0 12 580 581 604 603
657 3 2 0 12 581 582 605 604
658 3 2 0 12 582 583 606 605
659 3 2 0 12 583 584 607 606
660 3 2 0 12 584 585 608 607
661 3 2 0 12 585 58 59 608
662 3 2 0 12 20 586 609 19
663 3 2 0 12 586 587 610 609
664 3 2 0 12 587 588 611 610
665 3 2 0 12 588 589 612 611
666 3 2 0 12 589 590 613 612
667 3 2 0 12 590 591 614 613
668 3 2 0 12 591 592 615 614
669 3 2 0 12 592 593 616 615
670 3 2 0 12 593 594 617 616
671 3 2 0 12 594 595 618 617
672 3 2 0 12 595 596 619 618
673 3 2 0 12 596 597 620 619
674 3 2 0 12 597 598 621 620
675 3 2 0 12 598 599 622 621
676 3 2 0 12 599 600 623 622
677 3 2 0 12 600 601 624 623
678 3 2 0 12 601 602 625 624
679 3 2 0 12 602 603 626 625
680 3 2 0 12 603 604 627 626
681 3 2 0 12 604 605 628 627
682 3 2 0 12 605 606 629 628
683 3 2 0 12 606 607 630 629
684 3 2 0 12 607 608 631 630
685 3 2 0 12 608 59 60 631
686 3 2 0 12 19 609 632 18
687 3 2 0 12 609 610 633 632
688 3 2 0 12 610 611 634 633
689 3 2 0 12 611 612 635 634
690 3 2 0 12 612 613 636 635
691 3 2 0 12 613 614 637 636
692 3 2 0 12 614 615 638 637
693 3 2 0 12 615 616 639 638
694 3 2 0 12 616 617 640 639
695 3 2 0 12 617 618 641 640
696 3 2 0 12 618 619 642 641
697 3 2 0 12 619 620 643 642
698 3 2 0 12 620 621 644 643
699 3 2 0 12 621 622 645 644
700 3 2 0 12 622 623 646 645
701 3 2 0 12 623 624 647 646
702 3 2 0 12 624 625 648 647
703 3 2 0 12 625 626 649 648
704 3 2 0 12 626 627 650 649
705 3 2 0 12 627 628 651 650
706 3 2 0 12 628 629 652 651
707 3 2 0 12 629 630 653 652
708 3 2 0 12 630 631 654 653
709 3 2 0 12 631 60 61 654
710 3 2 0 12 18 632 655 17
711 3 2 0 12 632 633 656 655
712 3 2 0 12 633 634 657 656
713 3 2 0 12 634 635 658 657
714 3 2 0 12 635 636 659 658
715 3 2 0 12 636 637 660 659
716 3 2 0 12 637 638 661 660
717 3 2 0 12 638 639 662 661
718 3 2 0 12 639 640 663 662
719 3 2 0 12 640 641 664 663
720 3 2 0 12 641 642 665 664
721 3 2 0 12 642 643 666 665
722 3 2 0 12 643 644 667 666
723 3 2 0 12 644 645 668 667
724 3 2 0 12 645 646 669 668
725 3 2 0 12 646 647 670 669
726 3 2 0 12 647 648 671 670
727 3 2 0 12 648 649 672 671
728 3 2 0 12 649 650 673 672
729 3 2 0 12 650 651 674 673
730 3 2 0 12 651 652 675 674
731 3 2 0 12 652 653 676 675
732 3 2 0 12 653 654 677 676
733 3 2 0 12 654 61 62 677
734 3 2 0 12 17 655 678 16
735 3 2 0 12 655 656 679 678
736 3 2 0 12 656 657 680 679
737 3 2 0 12 657 658 681 680
738 3 2 0 12 658 659 682 681
739 3 2 0 12 659 660 683 682
740 3 2 0 12 660 661 684 683
741 3 2 0 12 661 662 685 684
742 3 2 0 12 662 663 686 685
743 3 2 0 12 663 664 687 686
744 3 2 0 12 664 665 688 687
745 3 2 0 12 665 666 689 688
746 3 2 0 12 666 667 690 689
747 3 2 0 12 667 668 691 690
748 3 2 0 12 668 669 692 691
749 3 2 0 12 669 670 693 692
750 3 2 0 12 670 671 694 693
751 3 2 0 12 671 672 695 694
752 3 2 0 12 672 673 696 695
753 3 2 0 12 673 674 697 696
754 3 2 0 12 674 675 698 697
755 3 2 0 12 675 676 699 698
756 3 2 0 12 676 677 700 699
757 3 2 0 12 677 62 63 700
758 3 2 0 12 16 678 55 5
759 3 2 0 12 678 679 54 55
760 3 2 0 12 679 680 53 54
761 3 2 0 12 680 681 52 53
762 3 2 0 12 681 682 51 52
763 3 2 0 12 682 683 50 51
764 3 2 0 12 683 684 49 50
765 3 2 0 12 684 685 48 49
766 3 2 0 12 685 686 47 48
767 3 2 0 12 686 687 46 47
768 3 2 0 12 687 688 45 46
769 3 2 0 12 688 689 44 45
770 3 2 0 12 689 690 43 44
771 3 2 0 12 690 691 42 43
772 3 2 0 12 691 692 41 42
773 3 2 0 12 692 693 40 41
774 3 2 0 12 693 694 39 40
775 3 2 0 12 694 695 38 39
776 3 2 0 12 695 696 37 38
777 3 2 0 12 696 697 36 37
778 3 2 0 12 697 698 35 36
779 3 2 0 12 698 699 34 35
780 3 2 0 12 699 700 33 34
781 3 2 0 12 700 63 4 33