50 10 2 0 10 7 54 84 8 61 98 99 10 100
51 10 2 0 10 54 55 85 84 62 101 102 98 103
52 10 2 0 10 55 56 86 85 63 104 105 101 106
53 10 2 0 10 56 57 87 86 64 107 108 104 109
54 10 2 0 10 57 58 88 87 65 110 111 107 112
55 10 2 0 10 58 59 89 88 66 113 114 110 115
56 10 2 0 10 59 60 90 89 67 116 117 113 118
57 10 2 0 10 60 1 50 90 68 53 119 116 120
58 10 2 0 10 8 84 91 9 99 121 122 11 123
59 10 2 0 10 84 85 92 91 102 124 125 121 126
60 10 2 0 10 85 86 93 92 105 127 128 124 129
61 10 2 0 10 86 87 94 93 108 130 131 127 132
62 10 2 0 10 87 88 95 94 111 133 134 130 135
63 10 2 0 10 88 89 96 95 114 136 137 133 138
64 10 2 0 10 89 90 97 96 117 139 140 136 141
65 10 2 0 10 90 50 49 97 119 52 142 139 143
66 10 2 0 10 9 91 75 6 122 144 83 12 145
67 10 2 0 10 91 92 74 75 125 146 82 144 147
68 10 2 0 10 92 93 73 74 128 148 81 146 149
69 10 2 0 10 93 94 72 73 131 150 80 148 151
70 10 2 0 10 94 95 71 72 134 152 79 150 153
71 10 2 0 10 95 96 70 71 137 154 78 152 155
72 10 2 0 10 96 97 69 70 140 156 77 154 157
73 10 2 0 10 97 49 2 69 142 51 76 156 158
74 10 2 0 12 6 75 159 17 83 194 195 23 196
75 10 2 0 12 75 74 160 159 82 197 198 194 199
76 10 2 0 12 74 73 161 160 81 200 201 197 202
77 10 2 0 12 73 72 162 161 80 203 204 200 205
78 10 2 0 12 72 71 163 162 79 206 207 203 208
79 10 2 0 12 71 70 164 163 78 209 210 206 211
80 10 2 0 12 70 69 165 164 77 212 213 209 214
81 10 2 0 12 69 2 44 165 76 46 215 212 216
82 10 2 0 12 17 159 166 16 195 217 218 22 219
83 10 2 0 12 159 160 167 166 198 220 221 217 222
84 10 2 0 12 160 161 168 167 201 223 224 220 225
85 10 2 0 12 161 162 169 168 204 226 227 223 228
86 10 2 0 12 162 163 170 169 207 229 230 226 231
87 10 2 0 12 163 164 171 170 210 232 233 229 234
88 10 2 0 12 164 165 172 171 213 235 236 232 237
89 10 2 0 12 165 44 45 172 215 47 238 235 239
90 10 2 0 12 16 166 173 15 218 240 241 21 242
91 10 2 0 12 166 167 174 173 221 243 244 240 245
92 10 2 0 12 167 168 175 174 224 246 247 243 248
93 10 2 0 12 168 169 176 175 227 249 250 246 251
94 10 2 0 12 169 170 177 176 230 252 253 249 254
95 10 2 0 12 170 171 178 177 233 255 256 252 257
96 10 2 0 12 171 172 179 178 236 258 259 255 260
97 10 2 0 12 172 45 3 179 238 48 261 258 262
98 10 2 0 12 15 173 180 14 241 263 264 20 265
99 10 2 0 12 173 174 181 180 244 266 267 263 268
100 10 2 0 12 174 175 182 181 247 269 270 266 271
101 10 2 0 12 175 176 183 182 250 272 273 269 274
102 10 2 0 12 176 177 184 183 253 275 276 272 277
103 10 2 0 12 177 178 185 184 256 278 279 275 280
104 10 2 0 12 178 179 186 185 259 281 282 278 283
105 10 2 0 12 179 3 39 186 261 41 284 281 285
106 10 2 0 12 14 180 187 13 264 286 287 19 288
107 10 2 0 12 180 181 188 187 267 289 290 286 291
108 10 2 0 12 181 182 189 188 270 292 293 289 294
109 10 2 0 12 182 183 190 189 273 295 296 292 297
110 10 2 0 12 183 184 191 190 276 298 299 295 300
111 10 2 0 12 184 185 192 191 279 301 302 298 303
112 10 2 0 12 185 186 193 192 282 304 305 301 306
113 10 2 0 12 186 39 40 193 284 42 307 304 308
114 10 2 0 12 13 187 30 5 287 309 38 18 310
115 10 2 0 12 187 188 29 30 290 311 37 309 312
116 10 2 0 12 188 189 28 29 293 313 36 311 314
117 10 2 0 12 189 190 27 28 296 315 35 313 316
118 10 2 0 12 190 191 26 27 299 317 34 315 318
119 10 2 0 12 191 192 25 26 302 319 33 317 320
120 10 2 0 12 192 193 24 25 305 321 32 319 322
121 10 2 0 12 193 40 4 24 307 43 31 321 323