1 0 0 0
2 0.25 0 0
3 0.75 0 0
4 1 0 0
5 1 0.125 0
6 0.25 0.25 0
7 0 0.25 0
8 0.08333333333312526 0.25 0
9 0.1666666666664469 0.25 0
10 0.04166666169952797 0.25 0
11 0.124999990065563 0.25 0
12 0.2083333283661697 0.25 0
13 0.8750000000009216 0.1458333333331797 0
14 0.75000000000076 0.16666666666654 0
15 0.62500000000057 0.187499999999905 0
16 0.5000000000003799 0.20833333333327 0
17 0.3750000000001901 0.229166666666635 0
18 0.9375000029806525 0.1354166661698913 0
19 0.8125000059613496 0.1562499990064417 0
20 0.6875000074512778 0.1770833320914537 0
21 0.5625000074510546 0.1979166654248242 0
22 0.4375000059606891 0.2187499990065518 0
23 0.3125000029803273 0.2395833328366121 0
24 1 0.01562499999997164 0
25 1 0.03124999999992637 0
26 1 0.04687499999988076 0
27 1 0.06249999999983651 0
28 1 0.07812499999987636 0
29 1 0.09374999999991758 0
30 1 0.1093749999999588 0
31 1 0.007812496274693485 0
32 1 0.02343749254936841 0
33 1 0.03906249348064554 0
34 1 0.05468749348060061 0
35 1 0.07031249161795328 0
36 1 0.08593749254931639 0
37 1 0.1015624939463415 0
38 1 0.1171874967403504 0
39 0.8333333333333334 0 0
40 0.9166666666666666 0 0
41 0.791666663189843 0 0
42 0.8750000014900494 0 0
43 0.9583333383003716 0 0
44 0.4166666666671296 0 0
45 0.5833333333335651 0 0
46 0.333333338300607 0 0
47 0.5000000000000993 0 0
48 0.6666666616995813 0 0
49 0.1666666666668979 0 0
50 0.08333333333368018 0 0
51 0.2083333383004783 0 0
52 0.1250000089410703 0 0
53 0.04166667064048274 0 0
54 0 0.2187499999998753 0
55 0 0.1875000000000868 0
56 0 0.1562500000003035 0
57 0 0.1250000000005149 0
58 0 0.09375000000039022 0
59 0 0.06250000000026013 0
60 0 0.03125000000013006 0
61 0 0.2343750037252138 0
62 0 0.2031250074505698 0
63 0 0.171875007823304 0
64 0 0.1406250085685686 0
65 0 0.1093750093136776 0
66 0 0.07812500856849214 0
67 0 0.04687500782330406 0
68 0 0.01562500409788403 0
69 0.25 0.03124999999994329 0
70 0.25 0.06249999999985274 0
71 0.25 0.09374999999976152 0
72 0.25 0.124999999999673 0
73 0.25 0.1562499999997527 0
74 0.25 0.1874999999998352 0
75 0.25 0.2187499999999176 0
76 0.25 0.01562499627467727 0
77 0.25 0.04687499254931742 0
78 0.25 0.0781249934805491 0
79 0.25 0.1093749934804592 0
80 0.25 0.1406249916178097 0
81 0.25 0.1718749916178911 0
82 0.25 0.2031249921767674 0
83 0.25 0.2343749959021398 0
84 0.08333333333319462 0.2187499999998894 0
85 0.08333333333326398 0.1875000000000029 0
86 0.08333333333333337 0.1562500000001199 0
87 0.0833333333334027 0.1250000000002343 0
88 0.08333333333347209 0.09375000000018066 0
89 0.08333333333354145 0.06250000000012433 0
90 0.08333333333361082 0.03125000000006781 0
91 0.1666666666665033 0.2187499999999035 0
92 0.1666666666665597 0.187499999999919 0
93 0.166666666666616 0.1562499999999363 0
94 0.1666666666666724 0.1249999999999537 0
95 0.1666666666667288 0.09374999999997108 0
96 0.1666666666667852 0.06249999999998854 0
97 0.1666666666668416 0.03125000000000554 0
98 0.04166666666659731 0.2187499999998823 0
99 0.08333333333315994 0.2343749999999447 0
100 0.04166666418306264 0.2343750018625793 0
101 0.04166666666663199 0.1875000000000449 0
102 0.0833333333332293 0.2031249999999462 0
103 0.04166666666661465 0.203125003725258 0
104 0.04166666666666669 0.1562500000002117 0
105 0.08333333333329868 0.1718750000000614 0
106 0.04166666666664934 0.1718750039116827 0
107 0.04166666666670135 0.1250000000003746 0
108 0.08333333333336804 0.1406250000001771 0
109 0.04166666666668402 0.1406250042843729 0
110 0.04166666666673605 0.09375000000028544 0
111 0.0833333333334374 0.1093750000002075 0
112 0.0416666666667187 0.1093750046569425 0
113 0.04166666666677073 0.06250000000019224 0
114 0.08333333333350677 0.07812500000015249 0
115 0.04166666666675339 0.07812500428432231 0
116 0.04166666666680541 0.03125000000009894 0
117 0.08333333333357613 0.04687500000009607 0
118 0.04166666666678807 0.04687500391170008 0
119 0.0833333333336455 0.0156250000000339 0
120 0.04166666865364407 0.01562500204895897 0
121 0.124999999999849 0.2187499999998964 0
122 0.1666666666664751 0.2343749999999518 0
123 0.124999995032706 0.2343749999999482 0
124 0.1249999999999118 0.187499999999961 0
125 0.1666666666665315 0.2031249999999112 0
126 0.1249999999998804 0.2031249999999287 0
127 0.1249999999999747 0.1562500000000281 0
128 0.1666666666665879 0.1718749999999277 0
129 0.1249999999999433 0.1718749999999946 0
130 0.1250000000000376 0.125000000000094 0
131 0.1666666666666442 0.140624999999945 0
132 0.1250000000000061 0.140625000000061 0
133 0.1250000000001005 0.09375000000007587 0
134 0.1666666666667006 0.1093749999999624 0
135 0.125000000000069 0.109375000000085 0
136 0.1250000000001633 0.06250000000005643 0
137 0.166666666666757 0.07812499999997981 0
138 0.1250000000001319 0.07812500000006616 0
139 0.1250000000002262 0.03125000000003667 0
140 0.1666666666668134 0.04687499999999704 0
141 0.1250000000001948 0.04687500000004655 0
142 0.1666666666668697 0.01562500000000277 0
143 0.1250000044706482 0.01562500000001834 0
144 0.2083333333332517 0.2187499999999105 0
145 0.2083333308497107 0.2343749979510458 0
146 0.2083333333332799 0.1874999999998771 0
147 0.2083333333332658 0.2031249960883393 0
148 0.208333333333308 0.1562499999998445 0
149 0.2083333333332939 0.1718749958089094 0
150 0.2083333333333362 0.1249999999998133 0
151 0.2083333333333221 0.1406249958088774 0
152 0.2083333333333644 0.0937499999998663 0
153 0.2083333333333503 0.1093749967402108 0
154 0.2083333333333926 0.06249999999992064 0
155 0.2083333333333785 0.07812499674026445 0
156 0.2083333333334208 0.03124999999997441 0
157 0.2083333333334067 0.04687499627465723 0
158 0.2083333358169495 0.01562499813734002 0
159 0.3802083333335712 0.2005208333332301 0
160 0.3854166666669524 0.1718749999998251 0
161 0.3906250000003336 0.1432291666664202 0
162 0.3958333333337143 0.1145833333330177 0
163 0.4010416666670671 0.08593749999976952 0
164 0.4062500000004192 0.05729166666652376 0
165 0.4114583333337716 0.02864583333327739 0
166 0.5104166666670555 0.1822916666665425 0
167 0.5208333333337312 0.1562499999998152 0
168 0.5312500000004068 0.1302083333330877 0
169 0.5416666666670815 0.1041666666663625 0
170 0.5520833333337001 0.07812499999977753 0
171 0.5625000000003178 0.05208333333319477 0
172 0.572916666666936 0.02604166666661148 0
173 0.64062500000054 0.1640624999998551 0
174 0.6562500000005098 0.1406249999998051 0
175 0.6718750000004798 0.1171874999997552 0
176 0.6875000000004483 0.09374999999970729 0
177 0.7031250000003328 0.07031249999978555 0
178 0.7187500000002161 0.0468749999998658 0
179 0.7343750000000997 0.02343749999994559 0
180 0.760416666667359 0.1458333333331676 0
181 0.7708333333339583 0.1249999999997951 0
182 0.7812500000005572 0.1041666666664227 0
183 0.7916666666671557 0.08333333333305204 0
184 0.802083333333698 0.06249999999979353 0
185 0.812500000000239 0.04166666666653683 0
186 0.8229166666667807 0.02083333333327968 0
187 0.8802083333341534 0.1276041666664842 0
188 0.8854166666673853 0.1093749999997886 0
189 0.8906250000006168 0.09114583333309308 0
190 0.8958333333338486 0.07291666666639915 0
191 0.901041666667052 0.0546874999998033 0
192 0.9062500000002549 0.03645833333320903 0
193 0.9114583333334577 0.01822916666661439 0
194 0.3151041666667856 0.2096354166665738 0
195 0.3776041666668807 0.2148437499999326 0
196 0.3138020848235564 0.2246093727026835 0
197 0.3177083333334762 0.1796874999998301 0
198 0.3828125000002618 0.1861979166665276 0
199 0.3164062500001309 0.1946614544216475 0
200 0.3203125000001668 0.1497395833330865 0
201 0.388020833333643 0.1575520833331227 0
202 0.3190104166668215 0.1647135374755069 0
203 0.3229166666668571 0.1197916666663454 0
204 0.393229166667024 0.128906249999719 0
205 0.321614583333512 0.1347656208087643 0
206 0.3255208333335335 0.08984374999976552 0
207 0.3984375000003907 0.1002604166663936 0
208 0.3242187500001953 0.1048177050734264 0
209 0.3281250000002096 0.05989583333318825 0
210 0.4036458333337432 0.07161458333314663 0
211 0.3268229166668716 0.07486978840684788 0
212 0.3307291666668858 0.02994791666661034 0
213 0.4088541666670954 0.04296874999990057 0
214 0.3294270833335477 0.044921871274609 0
215 0.4140625000004506 0.0143229166666387 0
216 0.3320312524837464 0.01497395647065799 0
217 0.4453125000003134 0.1914062499998863 0
218 0.5052083333337177 0.1953124999999062 0
219 0.4414062529805012 0.2050781245032191 0
220 0.4531250000003418 0.1640624999998201 0
221 0.5156250000003934 0.1692708333331789 0
222 0.4492187500003276 0.1777343749998532 0
223 0.4609375000003702 0.136718749999754 0
224 0.526041666667069 0.1432291666664515 0
225 0.457031250000356 0.1503906249997871 0
226 0.4687500000003979 0.1093749999996901 0
227 0.5364583333337442 0.1171874999997251 0
228 0.4648437500003841 0.123046874999722 0
229 0.4765625000003836 0.08203124999977352 0
230 0.5468750000003908 0.09114583333307001 0
231 0.4726562500003907 0.09570312499973181 0
232 0.4843750000003685 0.05468749999985927 0
233 0.5572916666670089 0.06510416666648615 0
234 0.480468750000376 0.0683593749998164 0
235 0.4921875000003538 0.02734374999994443 0
236 0.5677083333336268 0.03906249999990313 0
237 0.4882812500003612 0.04101562499990185 0
238 0.5781250000002505 0.01302083333330574 0
239 0.4960937500002264 0.01367187499997222 0
240 0.5755208333337978 0.1731770833331988 0
241 0.632812500000555 0.17578124999988 0
242 0.5690104203924262 0.1855468743790115 0
243 0.5885416666671205 0.1484374999998102 0
244 0.6484375000005249 0.1523437499998301 0
245 0.5820312500004591 0.1608072916665045 0
246 0.6015625000004433 0.1236979166664215 0
247 0.6640625000004948 0.1289062499997802 0
248 0.5950520833337819 0.1360677083331158 0
249 0.6145833333337649 0.09895833333303489 0
250 0.6796875000004641 0.1054687499997312 0
251 0.6080729166671041 0.1113281249997282 0
252 0.6276041666670165 0.07421874999978154 0
253 0.6953125000003906 0.08203124999974643 0
254 0.6210937500003907 0.08658854166640823 0
255 0.6406250000002669 0.04947916666653029 0
256 0.7109375000002745 0.05859374999982567 0
257 0.6341145833336417 0.06184895833315591 0
258 0.6536458333335178 0.02473958333327853 0
259 0.7265625000001579 0.03515624999990569 0
260 0.6471354166668923 0.03710937499990441 0
261 0.7421875000000499 0.01171874999997279 0
262 0.6601562475165497 0.01236979166663927 0
263 0.7005208333339494 0.1549479166665113 0
264 0.7552083333340595 0.1562499999998538 0
265 0.6940104203926136 0.1660156243789825 0
266 0.7135416666672341 0.1328124999998001 0
267 0.7656250000006586 0.1354166666664813 0
268 0.7070312500005918 0.1438802083331557 0
269 0.7265625000005185 0.110677083333089 0
270 0.7760416666672578 0.1145833333331089 0
271 0.7200520833338764 0.1217447916664445 0
272 0.739583333333802 0.08854166666637967 0
273 0.7864583333338564 0.09374999999973738 0
274 0.7330729166671602 0.09960937499973431 0
275 0.7526041666670154 0.06640624999978954 0
276 0.7968750000004268 0.07291666666642278 0
277 0.7460937500004086 0.07747395833308461 0
278 0.7656250000002276 0.04427083333320132 0
279 0.8072916666669685 0.05208333333316519 0
280 0.7591145833336215 0.05533854166649543 0
281 0.7786458333334402 0.02213541666661264 0
282 0.8177083333335098 0.03124999999990825 0
283 0.7721354166668339 0.03320312499990697 0
284 0.8281250000000571 0.01041666666663984 0
285 0.7851562482616417 0.01106770833330632 0
286 0.8203125000007562 0.1367187499998259 0
287 0.8776041666675375 0.1367187499998319 0
288 0.816406252981053 0.1464843745031338 0
289 0.8281250000006718 0.1171874999997919 0
290 0.8828125000007694 0.1184895833331364 0
291 0.824218750000714 0.1269531249998089 0
292 0.8359375000005871 0.09765624999975789 0
293 0.8880208333340011 0.1002604166664408 0
294 0.8320312500006294 0.1074218749997749 0
295 0.8437500000005022 0.0781249999997256 0
296 0.8932291666672327 0.08203124999974612 0
297 0.8398437500005447 0.08789062499974173 0
298 0.851562500000375 0.05859374999979842 0
299 0.8984375000004503 0.06380208333310122 0
300 0.8476562500004385 0.06835937499976201 0
301 0.8593750000002469 0.03906249999987294 0
302 0.9036458333336535 0.04557291666650617 0
303 0.855468750000311 0.04882812499983568 0
304 0.8671875000001192 0.01953124999994704 0
305 0.9088541666668564 0.02734374999991171 0
306 0.8632812500001831 0.02929687499990999 0
307 0.9140625000000622 0.009114583333307195 0
308 0.8710937507450843 0.009765624999973518 0
309 0.9401041666670766 0.1184895833332215 0
310 0.9388020848238646 0.1269531231217418 0
311 0.9427083333336926 0.1015624999998531 0
312 0.9414062500003846 0.1100260386397389 0
313 0.9453125000003084 0.08463541666648472 0
314 0.9440104166670006 0.09309895460787862 0
315 0.9479166666669243 0.06770833333311783 0
316 0.9466145833336164 0.07617187080884968 0
317 0.950520833333526 0.05078124999984203 0
318 0.9492187500002252 0.05924478840685092 0
319 0.9531250000001275 0.0338541666665677 0
320 0.9518229166668267 0.04231770507357585 0
321 0.9557291666667289 0.01692708333329301 0
322 0.9544270833334282 0.02539062127464006 0
323 0.9570312524835503 0.008463539804000339 0