92 3 2 0 10 7 54 84 8
93 3 2 0 10 54 55 85 84
94 3 2 0 10 55 56 86 85
95 3 2 0 10 56 57 87 86
96 3 2 0 10 57 58 88 87
97 3 2 0 10 58 59 89 88
98 3 2 0 10 59 60 90 89
99 3 2 0 10 60 61 91 90
100 3 2 0 10 61 62 92 91
101 3 2 0 10 62 63 93 92
102 3 2 0 10 63 64 94 93
103 3 2 0 10 64 65 95 94
104 3 2 0 10 65 66 96 95
105 3 2 0 10 66 67 97 96
106 3 2 0 10 67 68 98 97
107 3 2 0 10 68 1 53 98
108 3 2 0 10 8 84 99 9
109 3 2 0 10 84 85 100 99
110 3 2 0 10 85 86 101 100
111 3 2 0 10 86 87 102 101
112 3 2 0 10 87 88 103 102
113 3 2 0 10 88 89 104 103
114 3 2 0 10 89 90 105 104
115 3 2 0 10 90 91 106 105
116 3 2 0 10 91 92 107 106
117 3 2 0 10 92 93 108 107
118 3 2 0 10 93 94 109 108
119 3 2 0 10 94 95 110 109
120 3 2 0 10 95 96 111 110
121 3 2 0 10 96 97 112 111
122 3 2 0 10 97 98 113 112
123 3 2 0 10 98 53 52 113
124 3 2 0 10 9 99 114 10
125 3 2 0 10 99 100 115 114
126 3 2 0 10 100 101 116 115
127 3 2 0 10 101 102 117 116
128 3 2 0 10 102 103 118 117
129 3 2 0 10 103 104 119 118
130 3 2 0 10 104 105 120 119
131 3 2 0 10 105 106 121 120
132 3 2 0 10 106 107 122 121
133 3 2 0 10 107 108 123 122
134 3 2 0 10 108 109 124 123
135 3 2 0 10 109 110 125 124
136 3 2 0 10 110 111 126 125
137 3 2 0 10 111 112 127 126
138 3 2 0 10 112 113 128 127
139 3 2 0 10 113 52 51 128
140 3 2 0 10 10 114 129 11
141 3 2 0 10 114 115 130 129
142 3 2 0 10 115 116 131 130
143 3 2 0 10 116 117 132 131
144 3 2 0 10 117 118 133 132
145 3 2 0 10 118 119 134 133
146 3 2 0 10 119 120 135 134
147 3 2 0 10 120 121 136 135
148 3 2 0 10 121 122 137 136
149 3 2 0 10 122 123 138 137
150 3 2 0 10 123 124 139 138
151 3 2 0 10 124 125 140 139
152 3 2 0 10 125 126 141 140
153 3 2 0 10 126 127 142 141
154 3 2 0 10 127 128 143 142
155 3 2 0 10 128 51 50 143
156 3 2 0 10 11 129 144 12
157 3 2 0 10 129 130 145 144
158 3 2 0 10 130 131 146 145
159 3 2 0 10 131 132 147 146
160 3 2 0 10 132 133 148 147
161 3 2 0 10 133 134 149 148
162 3 2 0 10 134 135 150 149
163 3 2 0 10 135 136 151 150
164 3 2 0 10 136 137 152 151
165 3 2 0 10 137 138 153 152
166 3 2 0 10 138 139 154 153
167 3 2 0 10 139 140 155 154
168 3 2 0 10 140 141 156 155
169 3 2 0 10 141 142 157 156
170 3 2 0 10 142 143 158 157
171 3 2 0 10 143 50 49 158
172 3 2 0 10 12 144 83 6
173 3 2 0 10 144 145 82 83
174 3 2 0 10 145 146 81 82
175 3 2 0 10 146 147 80 81
176 3 2 0 10 147 148 79 80
177 3 2 0 10 148 149 78 79
178 3 2 0 10 149 150 77 78
179 3 2 0 10 150 151 76 77
180 3 2 0 10 151 152 75 76
181 3 2 0 10 152 153 74 75
182 3 2 0 10 153 154 73 74
183 3 2 0 10 154 155 72 73
184 3 2 0 10 155 156 71 72
185 3 2 0 10 156 157 70 71
186 3 2 0 10 157 158 69 70
187 3 2 0 10 158 49 2 69
188 3 2 0 12 6 83 159 23
189 3 2 0 12 83 82 160 159
190 3 2 0 12 82 81 161 160
191 3 2 0 12 81 80 162 161
192 3 2 0 12 80 79 163 162
193 3 2 0 12 79 78 164 163
194 3 2 0 12 78 77 165 164
195 3 2 0 12 77 76 166 165
196 3 2 0 12 76 75 167 166
197 3 2 0 12 75 74 168 167
198 3 2 0 12 74 73 169 168
199 3 2 0 12 73 72 170 169
200 3 2 0 12 72 71 171 170
201 3 2 0 12 71 70 172 171
202 3 2 0 12 70 69 173 172
203 3 2 0 12 69 2 44 173
204 3 2 0 12 23 159 174 22
205 3 2 0 12 159 160 175 174
206 3 2 0 12 160 161 176 175
207 3 2 0 12 161 162 177 176
208 3 2 0 12 162 163 178 177
209 3 2 0 12 163 164 179 178
210 3 2 0 12 164 165 180 179
211 3 2 0 12 165 166 181 180
212 3 2 0 12 166 167 182 181
213 3 2 0 12 167 168 183 182
214 3 2 0 12 168 169 184 183
215 3 2 0 12 169 170 185 184
216 3 2 0 12 170 171 186 185
217 3 2 0 12 171 172 187 186
218 3 2 0 12 172 173 188 187
219 3 2 0 12 173 44 45 188
220 3 2 0 12 22 174 189 21
221 3 2 0 12 174 175 190 189
222 3 2 0 12 175 176 191 190
223 3 2 0 12 176 177 192 191
224 3 2 0 12 177 178 193 192
225 3 2 0 12 178 179 194 193
226 3 2 0 12 179 180 195 194
227 3 2 0 12 180 181 196 195
228 3 2 0 12 181 182 197 196
229 3 2 0 12 182 183 198 197
230 3 2 0 12 183 184 199 198
231 3 2 0 12 184 185 200 199
232 3 2 0 12 185 186 201 200
233 3 2 0 12 186 187 202 201
234 3 2 0 12 187 188 203 202
235 3 2 0 12 188 45 46 203
236 3 2 0 12 21 189 204 20
237 3 2 0 12 189 190 205 204
238 3 2 0 12 190 191 206 205
239 3 2 0 12 191 192 207 206
240 3 2 0 12 192 193 208 207
241 3 2 0 12 193 194 209 208
242 3 2 0 12 194 195 210 209
243 3 2 0 12 195 196 211 210
244 3 2 0 12 196 197 212 211
245 3 2 0 12 197 198 213 212
246 3 2 0 12 198 199 214 213
247 3 2 0 12 199 200 215 214
248 3 2 0 12 200 201 216 215
249 3 2 0 12 201 202 217 216
250 3 2 0 12 202 203 218 217
251 3 2 0 12 203 46 47 218
252 3 2 0 12 20 204 219 19
253 3 2 0 12 204 205 220 219
254 3 2 0 12 205 206 221 220
255 3 2 0 12 206 207 222 221
256 3 2 0 12 207 208 223 222
257 3 2 0 12 208 209 224 223
258 3 2 0 12 209 210 225 224
259 3 2 0 12 210 211 226 225
260 3 2 0 12 211 212 227 226
261 3 2 0 12 212 213 228 227
262 3 2 0 12 213 214 229 228
263 3 2 0 12 214 215 230 229
264 3 2 0 12 215 216 231 230
265 3 2 0 12 216 217 232 231
266 3 2 0 12 217 218 233 232
267 3 2 0 12 218 47 48 233
268 3 2 0 12 19 219 234 18
269 3 2 0 12 219 220 235 234
270 3 2 0 12 220 221 236 235
271 3 2 0 12 221 222 237 236
272 3 2 0 12 222 223 238 237
273 3 2 0 12 223 224 239 238
274 3 2 0 12 224 225 240 239
275 3 2 0 12 225 226 241 240
276 3 2 0 12 226 227 242 241
277 3 2 0 12 227 228 243 242
278 3 2 0 12 228 229 244 243
279 3 2 0 12 229 230 245 244
280 3 2 0 12 230 231 246 245
281 3 2 0 12 231 232 247 246
282 3 2 0 12 232 233 248 247
283 3 2 0 12 233 48 3 248
284 3 2 0 12 18 234 249 17
285 3 2 0 12 234 235 250 249
286 3 2 0 12 235 236 251 250
287 3 2 0 12 236 237 252 251
288 3 2 0 12 237 238 253 252
289 3 2 0 12 238 239 254 253
290 3 2 0 12 239 240 255 254
291 3 2 0 12 240 241 256 255
292 3 2 0 12 241 242 257 256
293 3 2 0 12 242 243 258 257
294 3 2 0 12 243 244 259 258
295 3 2 0 12 244 245 260 259
296 3 2 0 12 245 246 261 260
297 3 2 0 12 246 247 262 261
298 3 2 0 12 247 248 263 262
299 3 2 0 12 248 3 39 263
300 3 2 0 12 17 249 264 16
301 3 2 0 12 249 250 265 264
302 3 2 0 12 250 251 266 265
303 3 2 0 12 251 252 267 266
304 3 2 0 12 252 253 268 267
305 3 2 0 12 253 254 269 268
306 3 2 0 12 254 255 270 269
307 3 2 0 12 255 256 271 270
308 3 2 0 12 256 257 272 271
309 3 2 0 12 257 258 273 272
310 3 2 0 12 258 259 274 273
311 3 2 0 12 259 260 275 274
312 3 2 0 12 260 261 276 275
313 3 2 0 12 261 262 277 276
314 3 2 0 12 262 263 278 277
315 3 2 0 12 263 39 40 278
316 3 2 0 12 16 264 279 15
317 3 2 0 12 264 265 280 279
318 3 2 0 12 265 266 281 280
319 3 2 0 12 266 267 282 281
320 3 2 0 12 267 268 283 282
321 3 2 0 12 268 269 284 283
322 3 2 0 12 269 270 285 284
323 3 2 0 12 270 271 286 285
324 3 2 0 12 271 272 287 286
325 3 2 0 12 272 273 288 287
326 3 2 0 12 273 274 289 288
327 3 2 0 12 274 275 290 289
328 3 2 0 12 275 276 291 290
329 3 2 0 12 276 277 292 291
330 3 2 0 12 277 278 293 292
331 3 2 0 12 278 40 41 293
332 3 2 0 12 15 279 294 14
333 3 2 0 12 279 280 295 294
334 3 2 0 12 280 281 296 295
335 3 2 0 12 281 282 297 296
336 3 2 0 12 282 283 298 297
337 3 2 0 12 283 284 299 298
338 3 2 0 12 284 285 300 299
339 3 2 0 12 285 286 301 300
340 3 2 0 12 286 287 302 301
341 3 2 0 12 287 288 303 302
342 3 2 0 12 288 289 304 303
343 3 2 0 12 289 290 305 304
344 3 2 0 12 290 291 306 305
345 3 2 0 12 291 292 307 306
346 3 2 0 12 292 293 308 307
347 3 2 0 12 293 41 42 308
348 3 2 0 12 14 294 309 13
349 3 2 0 12 294 295 310 309
350 3 2 0 12 295 296 311 310
351 3 2 0 12 296 297 312 311
352 3 2 0 12 297 298 313 312
353 3 2 0 12 298 299 314 313
354 3 2 0 12 299 300 315 314
355 3 2 0 12 300 301 316 315
356 3 2 0 12 301 302 317 316
357 3 2 0 12 302 303 318 317
358 3 2 0 12 303 304 319 318
359 3 2 0 12 304 305 320 319
360 3 2 0 12 305 306 321 320
361 3 2 0 12 306 307 322 321
362 3 2 0 12 307 308 323 322
363 3 2 0 12 308 42 43 323
364 3 2 0 12 13 309 38 5
365 3 2 0 12 309 310 37 38
366 3 2 0 12 310 311 36 37
367 3 2 0 12 311 312 35 36
368 3 2 0 12 312 313 34 35
369 3 2 0 12 313 314 33 34
370 3 2 0 12 314 315 32 33
371 3 2 0 12 315 316 31 32
372 3 2 0 12 316 317 30 31
373 3 2 0 12 317 318 29 30
374 3 2 0 12 318 319 28 29
375 3 2 0 12 319 320 27 28
376 3 2 0 12 320 321 26 27
377 3 2 0 12 321 322 25 26
378 3 2 0 12 322 323 24 25
379 3 2 0 12 323 43 4 24