1 0 0 0
2 0.25 0 0
3 0.75 0 0
4 1 0 0
5 1 0.125 0
6 0.25 0.25 0
7 0 0.25 0
8 0.02083333333329325 0.25 0
9 0.04166666666658022 0.25 0
10 0.06249999999985273 0.25 0
11 0.08333333333312526 0.25 0
12 0.1041666666663978 0.25 0
13 0.124999999999673 0.25 0
14 0.1458333333330586 0.25 0
15 0.1666666666664469 0.25 0
16 0.1874999999998351 0.25 0
17 0.2083333333332234 0.25 0
18 0.2291666666666117 0.25 0
19 0.9687500000004027 0.1302083333332662 0
20 0.9375000000005803 0.1354166666665699 0
21 0.906250000000554 0.1406249999999077 0
22 0.8750000000009216 0.1458333333331797 0
23 0.8437500000009024 0.1510416666665163 0
24 0.8125000000008549 0.1562499999998575 0
25 0.7812500000008075 0.1614583333331988 0
26 0.75000000000076 0.16666666666654 0
27 0.7187500000007125 0.1718749999998813 0
28 0.687500000000665 0.1770833333332225 0
29 0.6562500000006175 0.1822916666665638 0
30 0.62500000000057 0.187499999999905 0
31 0.5937500000005225 0.1927083333332463 0
32 0.562500000000475 0.1979166666665875 0
33 0.5312500000004274 0.2031249999999288 0
34 0.5000000000003799 0.20833333333327 0
35 0.4687500000003325 0.2135416666666112 0
36 0.437500000000285 0.2187499999999525 0
37 0.4062500000002375 0.2239583333332937 0
38 0.3750000000001901 0.229166666666635 0
39 0.3437500000001426 0.2343749999999762 0
40 0.312500000000095 0.2395833333333175 0
41 0.2812500000000476 0.2447916666666588 0
42 1 0.003906249999992557 0
43 1 0.007812499999984116 0
44 1 0.01171874999997796 0
45 1 0.01562499999997164 0
46 1 0.01953124999996058 0
47 1 0.02343749999994918 0
48 1 0.02734374999993777 0
49 1 0.03124999999992637 0
50 1 0.03515624999991496 0
51 1 0.03906249999990356 0
52 1 0.04296874999989216 0
53 1 0.04687499999988076 0
54 1 0.05078124999986936 0
55 1 0.05468749999985795 0
56 1 0.05859374999984655 0
57 1 0.06249999999983651 0
58 1 0.06640624999984546 0
59 1 0.07031249999985575 0
60 1 0.07421874999986607 0
61 1 0.07812499999987636 0
62 1 0.08203124999988667 0
63 1 0.08593749999989697 0
64 1 0.08984374999990727 0
65 1 0.09374999999991758 0
66 1 0.09765624999992788 0
67 1 0.1015624999999382 0
68 1 0.1054687499999485 0
69 1 0.1093749999999588 0
70 1 0.1132812499999691 0
71 1 0.1171874999999794 0
72 1 0.1210937499999897 0
73 0.7708333333333334 0 0
74 0.7916666666666666 0 0
75 0.8125 0 0
76 0.8333333333333334 0 0
77 0.8541666666666666 0 0
78 0.875 0 0
79 0.8958333333333333 0 0
80 0.9166666666666666 0 0
81 0.9375 0 0
82 0.9583333333333333 0 0
83 0.9791666666666666 0 0
84 0.2916666666670715 0 0
85 0.3333333333339117 0 0
86 0.3750000000005206 0 0
87 0.4166666666671296 0 0
88 0.4583333333337386 0 0
89 0.5000000000003477 0 0
90 0.5416666666669564 0 0
91 0.5833333333335651 0 0
92 0.6250000000001739 0 0
93 0.6666666666667825 0 0
94 0.7083333333333912 0 0
95 0.2291666666665799 0 0
96 0.2083333333332755 0 0
97 0.1875000000000868 0 0
98 0.1666666666668979 0 0
99 0.1458333333337091 0 0
100 0.1250000000005149 0 0
101 0.1041666666671003 0 0
102 0.08333333333368018 0 0
103 0.06250000000026013 0 0
104 0.0416666666668401 0 0
105 0.02083333333342005 0 0
106 0 0.2421874999999675 0
107 0 0.2343749999999349 0
108 0 0.2265624999999024 0
109 0 0.2187499999998753 0
110 0 0.2109374999999241 0
111 0 0.2031249999999783 0
112 0 0.1953125000000325 0
113 0 0.1875000000000868 0
114 0 0.1796875000001409 0
115 0 0.1718750000001951 0
116 0 0.1640625000002493 0
117 0 0.1562500000003035 0
118 0 0.1484375000003577 0
119 0 0.1406250000004119 0
120 0 0.1328125000004661 0
121 0 0.1250000000005149 0
122 0 0.1171875000004878 0
123 0 0.1093750000004553 0
124 0 0.1015625000004227 0
125 0 0.09375000000039022 0
126 0 0.08593750000035769 0
127 0 0.07812500000032518 0
128 0 0.07031250000029266 0
129 0 0.06250000000026013 0
130 0 0.05468750000022762 0
131 0 0.04687500000019509 0
132 0 0.03906250000016259 0
133 0 0.03125000000013006 0
134 0 0.02343750000009756 0
135 0 0.01562500000006503 0
136 0 0.00781250000003253 0
137 0.25 0.007812499999985114 0
138 0.25 0.01562499999996823 0
139 0.25 0.02343749999995593 0
140 0.25 0.03124999999994329 0
141 0.25 0.03906249999992115 0
142 0.25 0.04687499999989835 0
143 0.25 0.05468749999987554 0
144 0.25 0.06249999999985274 0
145 0.25 0.07031249999982993 0
146 0.25 0.07812499999980713 0
147 0.25 0.08593749999978433 0
148 0.25 0.09374999999976152 0
149 0.25 0.1015624999997387 0
150 0.25 0.1093749999997159 0
151 0.25 0.1171874999996931 0
152 0.25 0.124999999999673 0
153 0.25 0.1328124999996909 0
154 0.25 0.1406249999997115 0
155 0.25 0.1484374999997321 0
156 0.25 0.1562499999997527 0
157 0.25 0.1640624999997734 0
158 0.25 0.1718749999997939 0
159 0.25 0.1796874999998145 0
160 0.25 0.1874999999998352 0
161 0.25 0.1953124999998558 0
162 0.25 0.2031249999998764 0
163 0.25 0.210937499999897 0
164 0.25 0.2187499999999176 0
165 0.25 0.2265624999999382 0
166 0.25 0.2343749999999588 0
167 0.25 0.2421874999999794 0
168 0.02083333333329721 0.2421874999999685 0
169 0.02083333333330117 0.234374999999937 0
170 0.02083333333330513 0.2265624999999054 0
171 0.0208333333333091 0.2187499999998788 0
172 0.02083333333331306 0.2109374999999218 0
173 0.02083333333331703 0.2031249999999698 0
174 0.02083333333332099 0.1953125000000178 0
175 0.02083333333332495 0.1875000000000658 0
176 0.02083333333332891 0.1796875000001137 0
177 0.02083333333333287 0.1718750000001617 0
178 0.02083333333333684 0.1640625000002097 0
179 0.0208333333333408 0.1562500000002576 0
180 0.02083333333334476 0.1484375000003056 0
181 0.02083333333334873 0.1406250000003535 0
182 0.02083333333335269 0.1328125000004015 0
183 0.02083333333335665 0.1250000000004447 0
184 0.02083333333336062 0.1171875000004216 0
185 0.02083333333336458 0.1093750000003936 0
186 0.02083333333336854 0.1015625000003657 0
187 0.0208333333333725 0.09375000000033784 0
188 0.02083333333337646 0.08593750000030992 0
189 0.02083333333338043 0.07812500000028202 0
190 0.02083333333338439 0.07031250000025406 0
191 0.02083333333338835 0.06250000000022618 0
192 0.02083333333339231 0.05468750000019828 0
193 0.02083333333339628 0.04687500000017036 0
194 0.02083333333340024 0.03906250000014246 0
195 0.0208333333334042 0.03125000000011449 0
196 0.02083333333340816 0.02343750000008576 0
197 0.02083333333341213 0.01562500000005697 0
198 0.02083333333341609 0.007812500000028581 0
199 0.04166666666658834 0.2421874999999695 0
200 0.04166666666659646 0.2343749999999389 0
201 0.04166666666660458 0.2265624999999084 0
202 0.0416666666666127 0.2187499999998823 0
203 0.04166666666662082 0.2109374999999196 0
204 0.04166666666662894 0.2031249999999613 0
205 0.04166666666663708 0.1953125000000031 0
206 0.0416666666666452 0.1875000000000449 0
207 0.04166666666665331 0.1796875000000866 0
208 0.04166666666666143 0.1718750000001283 0
209 0.04166666666666955 0.16406250000017 0
210 0.04166666666667768 0.1562500000002117 0
211 0.0416666666666858 0.1484375000002535 0
212 0.04166666666669393 0.1406250000002952 0
213 0.04166666666670205 0.1328125000003369 0
214 0.04166666666671016 0.1250000000003745 0
215 0.04166666666671829 0.1171875000003553 0
216 0.04166666666672641 0.109375000000332 0
217 0.04166666666673453 0.1015625000003087 0
218 0.04166666666674265 0.09375000000028544 0
219 0.04166666666675076 0.08593750000026214 0
220 0.04166666666675888 0.07812500000023884 0
221 0.04166666666676702 0.07031250000021552 0
222 0.04166666666677513 0.06250000000019224 0
223 0.04166666666678325 0.05468750000016895 0
224 0.04166666666679137 0.04687500000014563 0
225 0.0416666666667995 0.03906250000012235 0
226 0.04166666666680761 0.03125000000009894 0
227 0.04166666666681574 0.02343750000007396 0
228 0.04166666666682386 0.0156250000000489 0
229 0.04166666666683198 0.007812500000024626 0
230 0.06249999999986546 0.2421874999999704 0
231 0.06249999999987819 0.2343749999999408 0
232 0.06249999999989093 0.2265624999999114 0
233 0.06249999999990366 0.2187499999998859 0
234 0.06249999999991639 0.2109374999999173 0
235 0.06249999999992912 0.2031249999999528 0
236 0.06249999999994184 0.1953124999999883 0
237 0.06249999999995458 0.1875000000000239 0
238 0.0624999999999673 0.1796875000000594 0
239 0.06249999999998004 0.1718750000000948 0
240 0.06249999999999277 0.1640625000001303 0
241 0.0625000000000055 0.1562500000001658 0
242 0.06250000000001824 0.1484375000002013 0
243 0.06250000000003096 0.1406250000002368 0
244 0.0625000000000437 0.1328125000002723 0
245 0.06250000000005643 0.1250000000003044 0
246 0.06250000000006917 0.1171875000002891 0
247 0.06250000000008188 0.1093750000002704 0
248 0.06250000000009462 0.1015625000002517 0
249 0.06250000000010735 0.09375000000023304 0
250 0.06250000000012008 0.08593750000021433 0
251 0.06250000000013281 0.07812500000019568 0
252 0.06250000000014555 0.07031250000017697 0
253 0.06250000000015826 0.06250000000015826 0
254 0.06250000000017103 0.05468750000013961 0
255 0.06250000000018374 0.0468750000001209 0
256 0.06250000000019645 0.03906250000010224 0
257 0.06250000000020919 0.03125000000008338 0
258 0.06250000000022193 0.02343750000006216 0
259 0.06250000000023467 0.01562500000004083 0
260 0.06250000000024739 0.007812500000020678 0
261 0.08333333333314261 0.2421874999999715 0
262 0.08333333333315995 0.2343749999999429 0
263 0.08333333333317727 0.2265624999999144 0
264 0.08333333333319463 0.2187499999998894 0
265 0.08333333333321198 0.2109374999999151 0
266 0.08333333333322932 0.2031249999999443 0
267 0.08333333333324666 0.1953124999999736 0
268 0.08333333333326401 0.1875000000000029 0
269 0.08333333333328133 0.1796875000000322 0
270 0.08333333333329868 0.1718750000000614 0
271 0.08333333333331602 0.1640625000000907 0
272 0.08333333333333334 0.1562500000001199 0
273 0.08333333333335069 0.1484375000001492 0
274 0.08333333333336804 0.1406250000001784 0
275 0.08333333333338538 0.1328125000002077 0
276 0.08333333333340273 0.1250000000002343 0
277 0.08333333333342005 0.1171875000002229 0
278 0.0833333333334374 0.1093750000002088 0
279 0.08333333333345475 0.1015625000001947 0
280 0.08333333333347209 0.09375000000018066 0
281 0.08333333333348944 0.08593750000016656 0
282 0.08333333333350676 0.07812500000015249 0
283 0.08333333333352411 0.07031250000013842 0
284 0.08333333333354145 0.06250000000012433 0
285 0.0833333333335588 0.05468750000011027 0
286 0.08333333333357612 0.04687500000009619 0
287 0.08333333333359347 0.03906250000008212 0
288 0.08333333333361082 0.03125000000006781 0
289 0.08333333333362814 0.02343750000005035 0
290 0.08333333333364551 0.01562500000003277 0
291 0.08333333333366283 0.007812500000016723 0
292 0.1041666666664197 0.2421874999999724 0
293 0.1041666666664417 0.2343749999999449 0
294 0.1041666666664637 0.2265624999999173 0
295 0.1041666666664856 0.2187499999998929 0
296 0.1041666666665075 0.2109374999999128 0
297 0.1041666666665295 0.2031249999999358 0
298 0.1041666666665515 0.1953124999999589 0
299 0.1041666666665734 0.1874999999999819 0
300 0.1041666666665953 0.179687500000005 0
301 0.1041666666666173 0.171875000000028 0
302 0.1041666666666393 0.1640625000000511 0
303 0.1041666666666612 0.156250000000074 0
304 0.1041666666666832 0.148437500000097 0
305 0.1041666666667051 0.1406250000001201 0
306 0.1041666666667271 0.1328125000001431 0
307 0.104166666666749 0.1250000000001641 0
308 0.104166666666771 0.1171875000001567 0
309 0.1041666666667929 0.1093750000001472 0
310 0.1041666666668149 0.1015625000001377 0
311 0.1041666666668368 0.09375000000012826 0
312 0.1041666666668588 0.08593750000011879 0
313 0.1041666666668807 0.07812500000010933 0
314 0.1041666666669027 0.07031250000009987 0
315 0.1041666666669247 0.06250000000009037 0
316 0.1041666666669466 0.05468750000008092 0
317 0.1041666666669685 0.04687500000007144 0
318 0.1041666666669905 0.03906250000006199 0
319 0.1041666666670125 0.03125000000005224 0
320 0.1041666666670344 0.02343750000003855 0
321 0.1041666666670563 0.0156250000000247 0
322 0.1041666666670783 0.007812500000012773 0
323 0.1249999999996993 0.2421874999999734 0
324 0.1249999999997256 0.2343749999999469 0
325 0.124999999999752 0.2265624999999203 0
326 0.1249999999997783 0.2187499999998964 0
327 0.1249999999998046 0.2109374999999105 0
328 0.1249999999998309 0.2031249999999273 0
329 0.1249999999998572 0.1953124999999442 0
330 0.1249999999998835 0.187499999999961 0
331 0.1249999999999098 0.1796874999999778 0
332 0.1249999999999361 0.1718749999999945 0
333 0.1249999999999624 0.1640625000000113 0
334 0.1249999999999887 0.1562500000000281 0
335 0.125000000000015 0.1484375000000449 0
336 0.1250000000000414 0.1406250000000617 0
337 0.1250000000000676 0.1328125000000785 0
338 0.125000000000094 0.125000000000094 0
339 0.1250000000001203 0.1171875000000904 0
340 0.1250000000001466 0.1093750000000856 0
341 0.1250000000001729 0.1015625000000807 0
342 0.1250000000001992 0.09375000000007588 0
343 0.1250000000002255 0.085937500000071 0
344 0.1250000000002518 0.07812500000006617 0
345 0.1250000000002781 0.07031250000006128 0
346 0.1250000000003044 0.06250000000005643 0
347 0.1250000000003307 0.05468750000005158 0
348 0.125000000000357 0.04687500000004673 0
349 0.1250000000003833 0.03906250000004187 0
350 0.1250000000004096 0.03125000000003667 0
351 0.125000000000436 0.02343750000002674 0
352 0.1250000000004623 0.01562500000001663 0
353 0.1250000000004886 0.007812500000008821 0
354 0.145833333333079 0.2421874999999744 0
355 0.1458333333330993 0.2343749999999489 0
356 0.1458333333331195 0.2265624999999233 0
357 0.1458333333331399 0.2187499999999 0
358 0.1458333333331602 0.2109374999999083 0
359 0.1458333333331806 0.2031249999999188 0
360 0.1458333333332009 0.1953124999999295 0
361 0.1458333333332212 0.18749999999994 0
362 0.1458333333332416 0.1796874999999506 0
363 0.1458333333332619 0.1718749999999611 0
364 0.1458333333332822 0.1640624999999717 0
365 0.1458333333333025 0.1562499999999822 0
366 0.1458333333333229 0.1484374999999928 0
367 0.1458333333333432 0.1406250000000033 0
368 0.1458333333333635 0.1328125000000139 0
369 0.1458333333333838 0.1250000000000238 0
370 0.1458333333334042 0.1171875000000242 0
371 0.1458333333334245 0.109375000000024 0
372 0.1458333333334448 0.1015625000000237 0
373 0.1458333333334652 0.09375000000002348 0
374 0.1458333333334855 0.08593750000002323 0
375 0.1458333333335058 0.07812500000002298 0
376 0.1458333333335261 0.07031250000002273 0
377 0.1458333333335465 0.06250000000002248 0
378 0.1458333333335668 0.05468750000002225 0
379 0.1458333333335871 0.046875000000022 0
380 0.1458333333336075 0.03906250000002176 0
381 0.1458333333336278 0.03125000000002111 0
382 0.1458333333336481 0.02343750000001494 0
383 0.1458333333336684 0.01562500000000856 0
384 0.1458333333336888 0.007812500000004869 0
385 0.166666666666461 0.2421874999999754 0
386 0.166666666666475 0.2343749999999508 0
387 0.1666666666664892 0.2265624999999263 0
388 0.1666666666665033 0.2187499999999035 0
389 0.1666666666665173 0.210937499999906 0
390 0.1666666666665314 0.2031249999999104 0
391 0.1666666666665455 0.1953124999999147 0
392 0.1666666666665596 0.187499999999919 0
393 0.1666666666665738 0.1796874999999234 0
394 0.1666666666665878 0.1718749999999276 0
395 0.1666666666666019 0.164062499999932 0
396 0.1666666666666161 0.1562499999999363 0
397 0.1666666666666301 0.1484374999999407 0
398 0.1666666666666442 0.1406249999999449 0
399 0.1666666666666584 0.1328124999999493 0
400 0.1666666666666724 0.1249999999999537 0
401 0.1666666666666865 0.117187499999958 0
402 0.1666666666667006 0.1093749999999624 0
403 0.1666666666667147 0.1015624999999667 0
404 0.1666666666667288 0.09374999999997108 0
405 0.1666666666667429 0.08593749999997546 0
406 0.166666666666757 0.07812499999997982 0
407 0.1666666666667711 0.07031249999998418 0
408 0.1666666666667852 0.06249999999998854 0
409 0.1666666666667993 0.05468749999999291 0
410 0.1666666666668134 0.04687499999999727 0
411 0.1666666666668275 0.03906250000000164 0
412 0.1666666666668416 0.03125000000000554 0
413 0.1666666666668557 0.02343750000000314 0
414 0.1666666666668697 0.0156250000000005 0
415 0.1666666666668838 0.007812500000000919 0
416 0.187499999999843 0.2421874999999764 0
417 0.1874999999998509 0.2343749999999528 0
418 0.1874999999998588 0.2265624999999293 0
419 0.1874999999998666 0.218749999999907 0
420 0.1874999999998744 0.2109374999999037 0
421 0.1874999999998823 0.2031249999999019 0
422 0.1874999999998901 0.1953124999999 0
423 0.187499999999898 0.1874999999998981 0
424 0.1874999999999059 0.1796874999998962 0
425 0.1874999999999138 0.1718749999998942 0
426 0.1874999999999216 0.1640624999998924 0
427 0.1874999999999295 0.1562499999998904 0
428 0.1874999999999374 0.1484374999998885 0
429 0.1874999999999452 0.1406249999998867 0
430 0.1874999999999531 0.1328124999998847 0
431 0.187499999999961 0.1249999999998835 0
432 0.1874999999999688 0.1171874999998918 0
433 0.1874999999999767 0.1093749999999008 0
434 0.1874999999999845 0.1015624999999097 0
435 0.1874999999999924 0.0937499999999187 0
436 0.1875000000000002 0.08593749999992767 0
437 0.1875000000000081 0.07812499999993663 0
438 0.187500000000016 0.0703124999999456 0
439 0.1875000000000239 0.06249999999995459 0
440 0.1875000000000318 0.05468749999996357 0
441 0.1875000000000396 0.04687499999997254 0
442 0.1875000000000475 0.03906249999998152 0
443 0.1875000000000553 0.03124999999998998 0
444 0.1875000000000632 0.02343749999999134 0
445 0.1875000000000711 0.01562499999999243 0
446 0.1875000000000789 0.007812499999996968 0
447 0.208333333333225 0.2421874999999774 0
448 0.2083333333332267 0.2343749999999548 0
449 0.2083333333332283 0.2265624999999323 0
450 0.2083333333332299 0.2187499999999105 0
451 0.2083333333332315 0.2109374999999015 0
452 0.2083333333332332 0.2031249999998934 0
453 0.2083333333332348 0.1953124999998852 0
454 0.2083333333332365 0.1874999999998771 0
455 0.2083333333332381 0.179687499999869 0
456 0.2083333333332397 0.1718749999998608 0
457 0.2083333333332413 0.1640624999998527 0
458 0.208333333333243 0.1562499999998445 0
459 0.2083333333332446 0.1484374999998364 0
460 0.2083333333332462 0.1406249999998283 0
461 0.2083333333332478 0.1328124999998201 0
462 0.2083333333332495 0.1249999999998133 0
463 0.2083333333332511 0.1171874999998255 0
464 0.2083333333332527 0.1093749999998391 0
465 0.2083333333332544 0.1015624999998527 0
466 0.208333333333256 0.0937499999998663 0
467 0.2083333333332577 0.08593749999987987 0
468 0.2083333333332592 0.07812499999989347 0
469 0.2083333333332609 0.07031249999990705 0
470 0.2083333333332625 0.06249999999992063 0
471 0.2083333333332641 0.05468749999993422 0
472 0.2083333333332658 0.04687499999994782 0
473 0.2083333333332673 0.03906249999996139 0
474 0.208333333333269 0.03124999999997442 0
475 0.2083333333332706 0.02343749999997953 0
476 0.2083333333332722 0.01562499999998437 0
477 0.2083333333332739 0.007812499999993016 0
478 0.2291666666666107 0.2421874999999784 0
479 0.2291666666666098 0.2343749999999568 0
480 0.2291666666666087 0.2265624999999352 0
481 0.2291666666666078 0.218749999999914 0
482 0.2291666666666068 0.2109374999998992 0
483 0.2291666666666058 0.2031249999998849 0
484 0.2291666666666048 0.1953124999998705 0
485 0.2291666666666038 0.1874999999998561 0
486 0.2291666666666028 0.1796874999998418 0
487 0.2291666666666018 0.1718749999998274 0
488 0.2291666666666008 0.164062499999813 0
489 0.2291666666665998 0.1562499999997987 0
490 0.2291666666665988 0.1484374999997843 0
491 0.2291666666665978 0.1406249999997699 0
492 0.2291666666665968 0.1328124999997555 0
493 0.2291666666665958 0.1249999999997432 0
494 0.2291666666665948 0.1171874999997593 0
495 0.2291666666665938 0.1093749999997775 0
496 0.2291666666665929 0.1015624999997957 0
497 0.2291666666665918 0.09374999999981393 0
498 0.2291666666665909 0.08593749999983211 0
499 0.2291666666665899 0.07812499999985029 0
500 0.2291666666665889 0.07031249999986849 0
501 0.2291666666665879 0.06249999999988669 0
502 0.2291666666665869 0.05468749999990488 0
503 0.2291666666665859 0.04687499999992309 0
504 0.2291666666665849 0.03906249999994127 0
505 0.2291666666665839 0.03124999999995885 0
506 0.2291666666665829 0.02343749999996773 0
507 0.2291666666665819 0.0156249999999763 0
508 0.2291666666665809 0.007812499999989064 0
509 0.281575520833393 0.2371419270833055 0
510 0.2819010416667384 0.2294921874999522 0
511 0.2822265625000838 0.221842447916599 0
512 0.2825520833334291 0.2141927083332457 0
513 0.2828776041667744 0.2065429687498924 0
514 0.2832031250001198 0.1988932291665392 0
515 0.2835286458334651 0.1912434895831859 0
516 0.2838541666668105 0.1835937499998326 0
517 0.2841796875001559 0.1759440104164793 0
518 0.2845052083335012 0.1682942708331261 0
519 0.2848307291668465 0.1606445312497729 0
520 0.2851562500001919 0.1529947916664196 0
521 0.2854817708335372 0.1453450520830663 0
522 0.2858072916668826 0.1376953124997131 0
523 0.2861328125002279 0.1300455729163598 0
524 0.2864583333335732 0.1223958333330092 0
525 0.2867838541669169 0.1147460937496958 0
526 0.2871093750002605 0.107096354166385 0
527 0.2874348958336039 0.09944661458307427 0
528 0.2877604166669475 0.09179687499976354 0
529 0.288085937500291 0.08414713541645277 0
530 0.2884114583336346 0.07649739583314202 0
531 0.2887369791669782 0.06884765624983126 0
532 0.2890625000003216 0.06119791666652048 0
533 0.2893880208336652 0.05354817708320973 0
534 0.2897135416670088 0.04589843749989898 0
535 0.2900390625003523 0.03824869791658822 0
536 0.290364583333696 0.0305989583332768 0
537 0.2906901041670399 0.02294921874995611 0
538 0.2910156250003838 0.01529947916663506 0
539 0.2913411458337276 0.00764973958331851 0
540 0.3131510416667787 0.2320963541666316 0
541 0.3138020833334619 0.2246093749999457 0
542 0.3144531250001456 0.2171223958332598 0
543 0.3151041666668291 0.2096354166665738 0
544 0.3157552083335125 0.2021484374998879 0
545 0.3164062500001961 0.194661458333202 0
546 0.3170572916668795 0.187174479166516 0
547 0.317708333333563 0.1796874999998302 0
548 0.3183593750002465 0.1722005208331442 0
549 0.3190104166669299 0.1647135416664583 0
550 0.3196614583336135 0.1572265624997724 0
551 0.3203125000002969 0.1497395833330865 0
552 0.3209635416669804 0.1422526041664006 0
553 0.3216145833336639 0.1347656249997146 0
554 0.3222656250003473 0.1272786458330287 0
555 0.3229166666670307 0.1197916666663454 0
556 0.3235677083337107 0.1123046874996985 0
557 0.3242187500003906 0.1048177083330542 0
558 0.3248697916670705 0.09733072916640985 0
559 0.3255208333337504 0.08984374999976552 0
560 0.3261718750004302 0.08235677083312121 0
561 0.3268229166671101 0.07486979166647688 0
562 0.32747395833379 0.06738281249983256 0
563 0.3281250000004699 0.05989583333318825 0
564 0.3287760416671497 0.05240885416654394 0
565 0.3294270833338295 0.04492187499989962 0
566 0.3300781250005094 0.0374348958332553 0
567 0.3307291666671894 0.02994791666661034 0
568 0.3313802083338702 0.02246093749995628 0
569 0.3320312500005509 0.0149739583333019 0
570 0.3326822916672312 0.007486979166651907 0
571 0.3447265625001569 0.2270507812499577 0
572 0.3457031250001714 0.2197265624999391 0
573 0.3466796875001857 0.2124023437499205 0
574 0.3476562500002 0.2050781249999019 0
575 0.3486328125002146 0.1977539062498834 0
576 0.3496093750002289 0.1904296874998648 0
577 0.3505859375002433 0.1831054687498462 0
578 0.3515625000002577 0.1757812499998276 0
579 0.3525390625002721 0.168457031249809 0
580 0.3535156250002864 0.1611328124997906 0
581 0.3544921875003009 0.1538085937497719 0
582 0.3554687500003153 0.1464843749997533 0
583 0.3564453125003295 0.1391601562497348 0
584 0.357421875000344 0.1318359374997162 0
585 0.3583984375003584 0.1245117187496976 0
586 0.3593750000003725 0.1171874999996816 0
587 0.3603515625003818 0.1098632812497011 0
588 0.3613281250003907 0.1025390624997233 0
589 0.3623046875003997 0.0952148437497454 0
590 0.3632812500004087 0.08789062499976752 0
591 0.3642578125004177 0.08056640624978963 0
592 0.3652343750004266 0.07324218749981173 0
593 0.3662109375004354 0.06591796874983388 0
594 0.3671875000004445 0.058593749999856 0
595 0.3681640625004534 0.05126953124987813 0
596 0.3691406250004624 0.04394531249990024 0
597 0.3701171875004714 0.03662109374992238 0
598 0.3710937500004804 0.02929687499994386 0
599 0.3720703125004907 0.02197265624995645 0
600 0.3730468750005009 0.01464843749996873 0
601 0.3740234375005107 0.0073242187499853 0
602 0.3763020833335354 0.2220052083332838 0
603 0.3776041666668807 0.2148437499999325 0
604 0.378906250000226 0.2076822916665813 0
605 0.3802083333335713 0.2005208333332301 0
606 0.3815104166669166 0.1933593749998788 0
607 0.3828125000002618 0.1861979166665276 0
608 0.3841145833336071 0.1790364583331763 0
609 0.3854166666669525 0.1718749999998252 0
610 0.3867187500002977 0.1647135416664739 0
611 0.388020833333643 0.1575520833331227 0
612 0.3893229166669883 0.1503906249997715 0
613 0.3906250000003336 0.1432291666664203 0
614 0.3919270833336789 0.136067708333069 0
615 0.3932291666670241 0.1289062499997177 0
616 0.3945312500003696 0.1217447916663665 0
617 0.3958333333337145 0.1145833333330178 0
618 0.3971354166670529 0.1074218749997038 0
619 0.3984375000003908 0.1002604166663924 0
620 0.3997395833337289 0.09309895833308098 0
621 0.4010416666670671 0.08593749999976952 0
622 0.4023437500004051 0.07877604166645806 0
623 0.4036458333337432 0.07161458333314663 0
624 0.4049479166670812 0.0644531249998352 0
625 0.4062500000004192 0.05729166666652374 0
626 0.4075520833337574 0.05013020833321231 0
627 0.4088541666670953 0.04296874999990089 0
628 0.4101562500004334 0.03580729166658943 0
629 0.4114583333337716 0.02864583333327738 0
630 0.4127604166671114 0.02148437499995663 0
631 0.4140625000004512 0.01432291666663556 0
632 0.4153645833337902 0.007161458333318696 0
633 0.4078776041669138 0.2169596354166099 0
634 0.4095052083335899 0.2099609374999259 0
635 0.411132812500266 0.2029622395832421 0
636 0.4127604166669423 0.1959635416665582 0
637 0.4143880208336186 0.1889648437498743 0
638 0.4160156250002948 0.1819661458331904 0
639 0.4176432291669709 0.1749674479165065 0
640 0.4192708333336471 0.1679687499998226 0
641 0.4208984375003235 0.1609700520831387 0
642 0.4225260416669995 0.1539713541664549 0
643 0.4241536458336758 0.146972656249771 0
644 0.425781250000352 0.1399739583330871 0
645 0.4274088541670281 0.1329752604164032 0
646 0.4290364583337044 0.1259765624997193 0
647 0.4306640625003805 0.1189778645830354 0
648 0.4322916666670561 0.111979166666354 0
649 0.4339192708337238 0.1049804687497065 0
650 0.435546875000391 0.09798177083306152 0
651 0.4371744791670584 0.09098307291641652 0
652 0.4388020833337253 0.0839843749997715 0
653 0.4404296875003926 0.07698567708312651 0
654 0.4420572916670597 0.0699869791664815 0
655 0.4436848958337269 0.06298828124983652 0
656 0.445312500000394 0.05598958333319151 0
657 0.4469401041670612 0.04899088541654652 0
658 0.4485677083337283 0.04199218749990151 0
659 0.4501953125003955 0.03499348958325652 0
660 0.4518229166670628 0.02799479166661092 0
661 0.4534505208337321 0.02099609374995681 0
662 0.4550781250004014 0.0139973958333024 0
663 0.4567057291670699 0.006998697916652093 0
664 0.439453125000292 0.2119140624999359 0
665 0.4414062500002993 0.2050781249999194 0
666 0.4433593750003062 0.1982421874999028 0
667 0.4453125000003135 0.1914062499998863 0
668 0.4472656250003205 0.1845703124998697 0
669 0.4492187500003276 0.1777343749998532 0
670 0.4511718750003348 0.1708984374998367 0
671 0.4531250000003419 0.1640624999998201 0
672 0.455078125000349 0.1572265624998036 0
673 0.4570312500003561 0.150390624999787 0
674 0.4589843750003633 0.1435546874997705 0
675 0.4609375000003703 0.1367187499997539 0
676 0.4628906250003775 0.1298828124997374 0
677 0.4648437500003846 0.1230468749997208 0
678 0.4667968750003917 0.1162109374997043 0
679 0.4687500000003981 0.1093749999996902 0
680 0.4707031250003951 0.1025390624997092 0
681 0.4726562500003913 0.09570312499973063 0
682 0.4746093750003877 0.08886718749975209 0
683 0.4765625000003839 0.0820312499997735 0
684 0.4785156250003801 0.07519531249979497 0
685 0.4804687500003763 0.06835937499981637 0
686 0.4824218750003726 0.06152343749983782 0
687 0.4843750000003689 0.05468749999985927 0
688 0.4863281250003651 0.04785156249988071 0
689 0.4882812500003613 0.04101562499990214 0
690 0.4902343750003577 0.03417968749992359 0
691 0.4921875000003542 0.02734374999994444 0
692 0.4941406250003528 0.02050781249995698 0
693 0.4960937500003518 0.01367187499996923 0
694 0.4980468750003495 0.00683593749998549 0
695 0.4710286458336705 0.206868489583262 0
696 0.4733072916670085 0.2001953124999129 0
697 0.4755859375003465 0.1935221354165637 0
698 0.4778645833336846 0.1868489583332144 0
699 0.4801432291670226 0.1801757812498652 0
700 0.4824218750003605 0.173502604166516 0
701 0.4847005208336986 0.1668294270831668 0
702 0.4869791666670365 0.1601562499998176 0
703 0.4892578125003746 0.1534830729164684 0
704 0.4915364583337126 0.1468098958331192 0
705 0.4938151041670505 0.14013671874977 0
706 0.4960937500003886 0.1334635416664208 0
707 0.4983723958337265 0.1267903645830716 0
708 0.5006510416670645 0.1201171874997224 0
709 0.5029296875004026 0.1134440104163732 0
710 0.5052083333337398 0.1067708333330263 0
711 0.507486979167066 0.1000976562497119 0
712 0.5097656250003915 0.09342447916639976 0
713 0.5120442708337167 0.08675130208308764 0
714 0.514322916667042 0.0800781249997755 0
715 0.5166015625003675 0.0734049479164634 0
716 0.5188802083336928 0.06673177083315129 0
717 0.521158854167018 0.06005859374983914 0
718 0.5234375000003435 0.05338541666652703 0
719 0.5257161458336688 0.04671223958321491 0
720 0.5279947916669939 0.04003906249990279 0
721 0.5302734375003195 0.03336588541659065 0
722 0.532552083333645 0.02669270833327796 0
723 0.5348307291669732 0.02001953124995716 0
724 0.5371093750003017 0.01334635416663607 0
725 0.5393880208336287 0.006673177083318885 0
726 0.5026041666670489 0.2018229166665882 0
727 0.5052083333337178 0.1953124999999063 0
728 0.5078125000003867 0.1888020833332245 0
729 0.5104166666670555 0.1822916666665426 0
730 0.5130208333337245 0.1757812499998607 0
731 0.5156250000003935 0.1692708333331789 0
732 0.5182291666670622 0.162760416666497 0
733 0.5208333333337313 0.1562499999998152 0
734 0.5234375000004002 0.1497395833331333 0
735 0.5260416666670691 0.1432291666664514 0
736 0.5286458333337378 0.1367187499997696 0
737 0.5312500000004069 0.1302083333330877 0
738 0.5338541666670758 0.1236979166664058 0
739 0.5364583333337446 0.1171874999997239 0
740 0.5390625000004135 0.1106770833330421 0
741 0.5416666666670815 0.1041666666663625 0
742 0.5442708333337369 0.09765624999971456 0
743 0.5468750000003912 0.09114583333306889 0
744 0.5494791666670456 0.08463541666642321 0
745 0.5520833333337001 0.07812499999977754 0
746 0.5546875000003546 0.07161458333313184 0
747 0.5572916666670089 0.06510416666648615 0
748 0.5598958333336634 0.05859374999984047 0
749 0.562500000000318 0.05208333333319477 0
750 0.5651041666669723 0.0455729166665491 0
751 0.5677083333336269 0.03906249999990342 0
752 0.5703125000002811 0.03255208333325772 0
753 0.572916666666936 0.02604166666661149 0
754 0.5755208333335935 0.01953124999995733 0
755 0.5781250000002516 0.0130208333333029 0
756 0.5807291666669079 0.006510416666652284 0
757 0.534179687500427 0.1967773437499142 0
758 0.537109375000427 0.1904296874998998 0
759 0.5400390625004269 0.1840820312498852 0
760 0.5429687500004267 0.1777343749998707 0
761 0.5458984375004266 0.1713867187498561 0
762 0.5488281250004262 0.1650390624998417 0
763 0.5517578125004263 0.1586914062498271 0
764 0.5546875000004258 0.1523437499998127 0
765 0.5576171875004258 0.1459960937497981 0
766 0.5605468750004256 0.1396484374997836 0
767 0.5634765625004253 0.1333007812497691 0
768 0.5664062500004251 0.1269531249997546 0
769 0.5693359375004249 0.12060546874974 0
770 0.5722656250004248 0.1142578124997255 0
771 0.5751953125004244 0.107910156249711 0
772 0.5781250000004233 0.1015624999996987 0
773 0.5810546875004078 0.09521484374971727 0
774 0.5839843750003914 0.08886718749973799 0
775 0.5869140625003749 0.08251953124975878 0
776 0.5898437500003583 0.07617187499977954 0
777 0.5927734375003418 0.06982421874980027 0
778 0.5957031250003253 0.063476562499821 0
779 0.598632812500309 0.05712890624984178 0
780 0.6015625000002925 0.05078124999986254 0
781 0.6044921875002759 0.04443359374988328 0
782 0.6074218750002594 0.03808593749990405 0
783 0.610351562500243 0.0317382812499248 0
784 0.6132812500002267 0.02539062499994501 0
785 0.6162109375002142 0.01904296874995751 0
786 0.6191406250002014 0.01269531249996974 0
787 0.6220703125001873 0.006347656249985678 0
788 0.5657552083338057 0.1917317708332403 0
789 0.5690104166671363 0.1855468749998931 0
790 0.5722656250004667 0.179361979166546 0
791 0.5755208333337979 0.1731770833331988 0
792 0.5787760416671285 0.1669921874998517 0
793 0.5820312500004593 0.1608072916665045 0
794 0.58528645833379 0.1546223958331573 0
795 0.5885416666671206 0.1484374999998101 0
796 0.591796875000451 0.142252604166463 0
797 0.5950520833337819 0.1360677083331158 0
798 0.5983072916671124 0.1298828124997687 0
799 0.6015625000004433 0.1236979166664214 0
800 0.6048177083337741 0.1175130208330743 0
801 0.6080729166671047 0.1113281249997271 0
802 0.6113281250004353 0.1051432291663799 0
803 0.614583333333765 0.0989583333330349 0
804 0.6178385416670787 0.09277343749971992 0
805 0.6210937500003914 0.08658854166640713 0
806 0.624348958333704 0.08040364583309433 0
807 0.6276041666670166 0.07421874999978154 0
808 0.6308593750003292 0.06803385416646871 0
809 0.6341145833336418 0.0618489583331559 0
810 0.6373697916669544 0.05566406249984308 0
811 0.640625000000267 0.04947916666653028 0
812 0.6438802083335796 0.04329427083321748 0
813 0.647135416666892 0.03710937499990469 0
814 0.6503906250002046 0.03092447916659188 0
815 0.6536458333335177 0.02473958333327853 0
816 0.6569010416668345 0.01855468749995769 0
817 0.6601562500001516 0.01236979166663657 0
818 0.6634114583334666 0.006184895833319073 0
819 0.5973307291671842 0.1866861979165664 0
820 0.600911458333846 0.1806640624998866 0
821 0.6044921875005072 0.1746419270832068 0
822 0.6080729166671689 0.168619791666527 0
823 0.6116536458338305 0.1625976562498471 0
824 0.6152343750004919 0.1565755208331673 0
825 0.6188151041671537 0.1505533854164874 0
826 0.6223958333338151 0.1445312499998077 0
827 0.6259765625004768 0.1385091145831278 0
828 0.6295572916671385 0.132486979166448 0
829 0.6331380208337999 0.1264648437497681 0
830 0.6367187500004619 0.1204427083330883 0
831 0.640299479167123 0.1144205729164085 0
832 0.6438802083337848 0.1083984374997287 0
833 0.6474609375004464 0.1023763020830488 0
834 0.6510416666671067 0.09635416666637109 0
835 0.6546223958337497 0.09033203124972263 0
836 0.6582031250003912 0.08430989583307624 0
837 0.661783854167033 0.07828776041642992 0
838 0.6653645833336747 0.07226562499978353 0
839 0.6689453125003165 0.06624348958313717 0
840 0.6725260416669582 0.06022135416649078 0
841 0.6761067708335998 0.05419921874984441 0
842 0.6796875000002415 0.04817708333319805 0
843 0.6832682291668831 0.04215494791655169 0
844 0.6868489583335248 0.03613281249990534 0
845 0.6904296875001666 0.03011067708325895 0
846 0.6940104166668085 0.02408854166661207 0
847 0.6975911458334551 0.01806640624995786 0
848 0.7011718750001016 0.01204427083330341 0
849 0.7047526041667458 0.006022135416652471 0
850 0.6289062500005626 0.1816406249998925 0
851 0.632812500000555 0.17578124999988 0
852 0.6367187500005475 0.1699218749998676 0
853 0.6406250000005399 0.1640624999998551 0
854 0.6445312500005322 0.1582031249998426 0
855 0.6484375000005247 0.1523437499998301 0
856 0.6523437500005175 0.1464843749998176 0
857 0.6562500000005102 0.1406249999998052 0
858 0.6601562500005024 0.1347656249997926 0
859 0.6640625000004949 0.1289062499997802 0
860 0.6679687500004875 0.1230468749997677 0
861 0.6718750000004797 0.1171874999997552 0
862 0.6757812500004724 0.1113281249997427 0
863 0.6796875000004649 0.1054687499997302 0
864 0.6835937500004573 0.09960937499971771 0
865 0.6875000000004484 0.09374999999970728 0
866 0.6914062500004207 0.08789062499972532 0
867 0.6953125000003916 0.08203124999974537 0
868 0.6992187500003623 0.07617187499976548 0
869 0.703125000000333 0.07031249999978553 0
870 0.707031250000304 0.0644531249998056 0
871 0.7109375000002746 0.05859374999982568 0
872 0.7148437500002453 0.05273437499984574 0
873 0.7187500000002162 0.04687499999986582 0
874 0.7226562500001867 0.04101562499988588 0
875 0.7265625000001575 0.03515624999990595 0
876 0.7304687500001285 0.02929687499992603 0
877 0.7343750000000996 0.02343749999994559 0
878 0.7382812500000754 0.01757812499995804 0
879 0.7421875000000514 0.01171874999997024 0
880 0.7460937500000253 0.005859374999985867 0
881 0.6598307291672743 0.1765950520832186 0
882 0.6634114583339312 0.1708984374998735 0
883 0.6669921875005881 0.1652018229165284 0
884 0.6705729166672449 0.1595052083331832 0
885 0.6741536458339015 0.1538085937498381 0
886 0.6777343750005583 0.1481119791664929 0
887 0.6813151041672152 0.1424153645831477 0
888 0.6848958333338722 0.1367187499998026 0
889 0.6884765625005289 0.1310221354164575 0
890 0.6920572916671857 0.1253255208331123 0
891 0.6956380208338424 0.1196289062497672 0
892 0.6992187500004992 0.1139322916664221 0
893 0.7027994791671561 0.1082356770830769 0
894 0.7063802083338129 0.1025390624997318 0
895 0.7099609375004699 0.0968424479163866 0
896 0.7135416666671252 0.09114583333304346 0
897 0.7171223958337634 0.085449218749728 0
898 0.7207031250004004 0.0797526041664145 0
899 0.7242838541670373 0.07405598958310102 0
900 0.727864583333674 0.06835937499978753 0
901 0.7314453125003113 0.06266276041647402 0
902 0.7350260416669481 0.05696614583316054 0
903 0.7386067708335848 0.05126953124984705 0
904 0.7421875000002219 0.04557291666653357 0
905 0.7457682291668587 0.03987630208322008 0
906 0.7493489583334956 0.0341796874999066 0
907 0.7529296875001328 0.0284830729165931 0
908 0.75651041666677 0.02278645833327912 0
909 0.7600911458334114 0.01708984374995822 0
910 0.7636718750000533 0.01139322916663707 0
911 0.7672526041666927 0.005696614583319264 0
912 0.690755208333986 0.1715494791665447 0
913 0.6940104166673076 0.1660156249998669 0
914 0.6972656250006284 0.1604817708331891 0
915 0.7005208333339495 0.1549479166665113 0
916 0.7037760416672706 0.1494140624998335 0
917 0.7070312500005915 0.1438802083331557 0
918 0.710286458333913 0.1383463541664779 0
919 0.7135416666672341 0.1328124999998001 0
920 0.716796875000555 0.1272786458331223 0
921 0.7200520833338764 0.1217447916664445 0
922 0.7233072916671977 0.1162109374997667 0
923 0.7265625000005186 0.1106770833330889 0
924 0.7298177083338397 0.1051432291664111 0
925 0.7330729166671607 0.0996093749997333 0
926 0.7363281250004818 0.09407552083305554 0
927 0.7395833333338022 0.08854166666637965 0
928 0.7428385416671063 0.08300781249973066 0
929 0.7460937500004095 0.07747395833308363 0
930 0.7493489583337123 0.07194010416643656 0
931 0.7526041666670152 0.06640624999978953 0
932 0.7558593750003184 0.06087239583314248 0
933 0.7591145833336215 0.05533854166649543 0
934 0.7623697916669244 0.04980468749984837 0
935 0.7656250000002276 0.04427083333320132 0
936 0.7688802083335307 0.03873697916655426 0
937 0.7721354166668336 0.03320312499990723 0
938 0.7753906250001368 0.02766927083326017 0
939 0.77864583333344 0.02213541666661265 0
940 0.7819010416667473 0.01660156249995839 0
941 0.7851562500000545 0.0110677083333039 0
942 0.7884114583333602 0.00553385416665266 0
943 0.7216796875006979 0.1665039062498708 0
944 0.7246093750006833 0.1611328124998603 0
945 0.727539062500669 0.1557617187498499 0
946 0.7304687500006544 0.1503906249998394 0
947 0.7333984375006399 0.145019531249829 0
948 0.7363281250006252 0.1396484374998185 0
949 0.7392578125006108 0.134277343749808 0
950 0.7421875000005962 0.1289062499997976 0
951 0.7451171875005818 0.1235351562497871 0
952 0.7480468750005671 0.1181640624997767 0
953 0.7509765625005527 0.1127929687497663 0
954 0.7539062500005382 0.1074218749997558 0
955 0.7568359375005236 0.1020507812497453 0
956 0.7597656250005089 0.09667968749973487 0
957 0.7626953125004943 0.09130859374972444 0
958 0.7656250000004787 0.08593749999971584 0
959 0.768554687500449 0.08056640624973337 0
960 0.7714843750004182 0.07519531249975274 0
961 0.7744140625003871 0.06982421874977213 0
962 0.7773437500003565 0.06445312499979153 0
963 0.7802734375003259 0.05908203124981091 0
964 0.7832031250002949 0.0537109374998303 0
965 0.7861328125002642 0.0483398437498497 0
966 0.7890625000002334 0.04296874999986908 0
967 0.7919921875002025 0.03759765624988845 0
968 0.794921875000172 0.03222656249990786 0
969 0.7978515625001407 0.02685546874992724 0
970 0.8007812500001101 0.02148437499994617 0
971 0.8037109375000833 0.01611328124995856 0
972 0.8066406250000564 0.01074218749997074 0
973 0.809570312500028 0.005371093749986055 0
974 0.7526041666674098 0.1614583333331969 0
975 0.7552083333340596 0.1562499999998538 0
976 0.7578125000007092 0.1510416666665107 0
977 0.760416666667359 0.1458333333331675 0
978 0.7630208333340089 0.1406249999998245 0
979 0.7656250000006587 0.1354166666664813 0
980 0.7682291666673083 0.1302083333331382 0
981 0.7708333333339584 0.1249999999997951 0
982 0.7734375000006082 0.119791666666452 0
983 0.7760416666672577 0.1145833333331089 0
984 0.7786458333339078 0.1093749999997658 0
985 0.7812500000005574 0.1041666666664227 0
986 0.7838541666672071 0.09895833333307955 0
987 0.7864583333338572 0.09374999999973643 0
988 0.789062500000507 0.08854166666639335 0
989 0.7916666666671557 0.08333333333305201 0
990 0.7942708333337921 0.07812499999973604 0
991 0.7968750000004272 0.07291666666642184 0
992 0.7994791666670625 0.06770833333310769 0
993 0.8020833333336981 0.06249999999979353 0
994 0.8046875000003331 0.05729166666647934 0
995 0.8072916666669685 0.05208333333316517 0
996 0.8098958333336039 0.04687499999985099 0
997 0.8125000000002389 0.04166666666653682 0
998 0.8151041666668745 0.03645833333322266 0
999 0.8177083333335099 0.03124999999990849 0
1000 0.820312500000145 0.02604166666659431 0
1001 0.8229166666667807 0.02083333333327969 0
1002 0.8255208333334192 0.01562499999995875 0
1003 0.8281250000000582 0.01041666666663757 0
1004 0.8307291666666954 0.005208333333319451 0
1005 0.7835286458341215 0.156412760416523 0
1006 0.7858072916674357 0.1513671874998472 0
1007 0.7880859375007497 0.1463216145831714 0
1008 0.790364583334064 0.1412760416664957 0
1009 0.792643229167378 0.1362304687498199 0
1010 0.7949218750006921 0.1311848958331442 0
1011 0.7972005208340061 0.1261393229164683 0
1012 0.7994791666673202 0.1210937499997926 0
1013 0.8017578125006343 0.1160481770831168 0
1014 0.8040364583339484 0.1110026041664411 0
1015 0.8063151041672624 0.1059570312497653 0
1016 0.8085937500005765 0.1009114583330895 0
1017 0.8108723958338908 0.09586588541641378 0
1018 0.8131510416672046 0.09082031249973796 0
1019 0.8154296875005191 0.0857747395830622 0
1020 0.8177083333338324 0.08072916666638821 0
1021 0.8199869791671346 0.07568359374973871 0
1022 0.822265625000436 0.07063802083309098 0
1023 0.8245442708337376 0.06559244791644325 0
1024 0.826822916667039 0.06054687499979553 0
1025 0.8291015625003406 0.05550130208314778 0
1026 0.8313802083336416 0.05045572916650006 0
1027 0.8336588541669434 0.04541015624985231 0
1028 0.8359375000002447 0.04036458333320458 0
1029 0.8382161458335462 0.03531901041655685 0
1030 0.8404947916668477 0.03027343749990912 0
1031 0.8427734375001492 0.02522786458326138 0
1032 0.8450520833334507 0.02018229166661321 0
1033 0.8473307291667553 0.01513671874995892 0
1034 0.8496093750000596 0.0100911458333044 0
1035 0.8518880208333628 0.005045572916652847 0
1036 0.8144531250008334 0.1513671874998491 0
1037 0.8164062500008118 0.1464843749998407 0
1038 0.81835937500079 0.1416015624998323 0
1039 0.8203125000007687 0.1367187499998238 0
1040 0.8222656250007471 0.1318359374998153 0
1041 0.8242187500007254 0.126953124999807 0
1042 0.826171875000704 0.1220703124997985 0
1043 0.8281250000006823 0.1171874999997901 0
1044 0.8300781250006608 0.1123046874997817 0
1045 0.8320312500006392 0.1074218749997733 0
1046 0.8339843750006176 0.1025390624997648 0
1047 0.835937500000596 0.09765624999975639 0
1048 0.8378906250005747 0.09277343749974795 0
1049 0.839843750000553 0.08789062499973954 0
1050 0.8417968750005315 0.0830078124997311 0
1051 0.843750000000509 0.07812499999972439 0
1052 0.8457031250004774 0.07324218749974142 0
1053 0.847656250000445 0.06835937499976011 0
1054 0.8496093750004126 0.06347656249977882 0
1055 0.8515625000003803 0.05859374999979752 0
1056 0.8535156250003478 0.05371093749981622 0
1057 0.8554687500003153 0.04882812499983492 0
1058 0.857421875000283 0.04394531249985363 0
1059 0.8593750000002504 0.03906249999987233 0
1060 0.8613281250002181 0.03417968749989105 0
1061 0.8632812500001857 0.02929687499990975 0
1062 0.8652343750001533 0.02441406249992846 0
1063 0.8671875000001211 0.01953124999994674 0
1064 0.8691406250000912 0.0146484374999591 0
1065 0.8710937500000614 0.00976562499997124 0
1066 0.8730468750000305 0.004882812499986243 0
1067 0.8453776041675453 0.1463216145831752 0
1068 0.8470052083341881 0.1416015624998341 0
1069 0.848632812500831 0.1368815104164931 0
1070 0.8502604166674735 0.1321614583331519 0
1071 0.8518880208341161 0.1274414062498109 0
1072 0.853515625000759 0.1227213541664698 0
1073 0.8551432291674018 0.1180013020831287 0
1074 0.8567708333340445 0.1132812499997876 0
1075 0.8583984375006875 0.1085611979164466 0
1076 0.8600260416673301 0.1038411458331054 0
1077 0.8616536458339728 0.09912109374976438 0
1078 0.8632812500006155 0.09440104166642327 0
1079 0.8649088541672584 0.08968098958308221 0
1080 0.8665364583339011 0.08496093749974112 0
1081 0.8681640625005437 0.08024088541640002 0
1082 0.8697916666671862 0.07552083333306059 0
1083 0.8714192708338203 0.07080078124974411 0
1084 0.873046875000454 0.06608072916642925 0
1085 0.8746744791670879 0.06136067708311438 0
1086 0.8763020833337213 0.05664062499979952 0
1087 0.8779296875003552 0.05192057291648468 0
1088 0.879557291666989 0.04720052083316982 0
1089 0.8811848958336226 0.04248046874985495 0
1090 0.8828125000002562 0.03776041666654009 0
1091 0.88444010416689 0.03304036458322525 0
1092 0.8860677083335236 0.0283203124999104 0
1093 0.8876953125001572 0.02360026041659553 0
1094 0.8893229166667914 0.01888020833328027 0
1095 0.8909505208334273 0.01416015624995928 0
1096 0.8925781250000631 0.009440104166638076 0
1097 0.8942057291666981 0.00472005208331964 0
1098 0.8763020833342294 0.1412760416665059 0
1099 0.8776041666675376 0.136718749999832 0
1100 0.8789062500008454 0.1321614583331581 0
1101 0.8802083333341534 0.1276041666664842 0
1102 0.8815104166674612 0.1230468749998103 0
1103 0.8828125000007695 0.1184895833331364 0
1104 0.8841145833340773 0.1139322916664625 0
1105 0.8854166666673854 0.1093749999997887 0
1106 0.8867187500006935 0.1048177083331147 0
1107 0.8880208333340013 0.1002604166664409 0
1108 0.889322916667309 0.09570312499976701 0
1109 0.8906250000006171 0.09114583333309309 0
1110 0.8919270833339251 0.08658854166641924 0
1111 0.893229166667233 0.08203124999974532 0
1112 0.8945312500005409 0.07747395833307141 0
1113 0.8958333333338484 0.07291666666639914 0
1114 0.8971354166671499 0.06835937499974898 0
1115 0.8984375000004508 0.06380208333310043 0
1116 0.8997395833337514 0.05924479166645186 0
1117 0.901041666667052 0.0546874999998033 0
1118 0.9023437500003526 0.05013020833315472 0
1119 0.9036458333336532 0.04557291666650616 0
1120 0.9049479166669543 0.04101562499985759 0
1121 0.9062500000002548 0.03645833333320903 0
1122 0.9075520833335554 0.03190104166656047 0
1123 0.9088541666668563 0.02734374999991191 0
1124 0.9101562500001569 0.02278645833326335 0
1125 0.9114583333334577 0.01822916666661438 0
1126 0.9127604166667604 0.0136718749999599 0
1127 0.9140625000000627 0.009114583333305202 0
1128 0.9153645833333646 0.004557291666653182 0
1129 0.9072265625005394 0.136230468749899 0
1130 0.9082031250005246 0.1318359374998903 0
1131 0.9091796875005097 0.1274414062498815 0
1132 0.9101562500004948 0.1230468749998729 0
1133 0.9111328125004803 0.1186523437498641 0
1134 0.9121093750004657 0.1142578124998555 0
1135 0.9130859375004511 0.1098632812498467 0
1136 0.9140625000004359 0.105468749999838 0
1137 0.9150390625004214 0.1010742187498293 0
1138 0.9160156250004066 0.0966796874998206 0
1139 0.916992187500392 0.0922851562498119 0
1140 0.9179687500003773 0.08789062499980321 0
1141 0.9189453125003626 0.0834960937497945 0
1142 0.9199218750003477 0.07910156249978578 0
1143 0.9208984375003332 0.07470703124977708 0
1144 0.921875000000318 0.07031249999976991 0
1145 0.9228515625002982 0.0659179687497841 0
1146 0.9238281250002778 0.06152343749979981 0
1147 0.9248046875002579 0.05712890624981552 0
1148 0.9257812500002374 0.05273437499983123 0
1149 0.9267578125002175 0.04833984374984695 0
1150 0.9277343750001972 0.04394531249986265 0
1151 0.928710937500177 0.03955078124987836 0
1152 0.9296875000001568 0.03515624999989409 0
1153 0.9306640625001369 0.03076171874990979 0
1154 0.9316406250001166 0.02636718749992551 0
1155 0.9326171875000964 0.02197265624994122 0
1156 0.9335937500000765 0.01757812499995656 0
1157 0.9345703125000575 0.01318359374996656 0
1158 0.9355468750000385 0.008789062499976356 0
1159 0.9365234375000192 0.00439453124998874 0
1160 0.9381510416672305 0.1311848958332284 0
1161 0.9388020833338807 0.126953124999887 0
1162 0.9394531250005311 0.1227213541665455 0
1163 0.9401041666671813 0.1184895833332041 0
1164 0.9407552083338314 0.1142578124998626 0
1165 0.9414062500004815 0.1100260416665211 0
1166 0.9420572916671318 0.1057942708331796 0
1167 0.9427083333337821 0.1015624999998382 0
1168 0.9433593750004325 0.09733072916649668 0
1169 0.9440104166670829 0.09309895833315521 0
1170 0.9446614583337328 0.08886718749981376 0
1171 0.9453125000003833 0.08463541666647229 0
1172 0.9459635416670335 0.08040364583313081 0
1173 0.9466145833336838 0.07617187499978931 0
1174 0.9472656250003338 0.07194010416644786 0
1175 0.9479166666669839 0.06770833333310787 0
1176 0.9485677083336309 0.06347656249978842 0
1177 0.9492187500002773 0.05924479166647047 0
1178 0.9498697916669242 0.05501302083315251 0
1179 0.9505208333335707 0.05078124999983454 0
1180 0.9511718750002173 0.04654947916651658 0
1181 0.9518229166668639 0.04231770833319863 0
1182 0.9524739583335103 0.03808593749988067 0
1183 0.9531250000001571 0.03385416666656271 0
1184 0.953776041666804 0.02962239583324475 0
1185 0.9544270833334506 0.02539062499992681 0
1186 0.9550781250000973 0.02115885416660885 0
1187 0.9557291666667438 0.01692708333329052 0
1188 0.9563802083333914 0.01269531249996706 0
1189 0.9570312500000388 0.008463541666643412 0
1190 0.9576822916666857 0.004231770833322246 0
1191 0.9690755208337242 0.1261393229165909 0
1192 0.969401041667046 0.1220703124999156 0
1193 0.9697265625003674 0.1180013020832404 0
1194 0.9700520833336891 0.113932291666565 0
1195 0.9703776041670107 0.1098632812498897 0
1196 0.9707031250003322 0.1057942708332144 0
1197 0.9710286458336539 0.1017252604165391 0
1198 0.9713541666669755 0.0976562499998638 0
1199 0.9716796875002971 0.09358723958318847 0
1200 0.9720052083336188 0.0895182291665132 0
1201 0.9723307291669402 0.08544921874983792 0
1202 0.9726562500002618 0.08138020833316259 0
1203 0.9729817708335835 0.07731119791648732 0
1204 0.9733072916669051 0.073242187499812 0
1205 0.9736328125002269 0.06917317708313668 0
1206 0.9739583333335481 0.06510416666646282 0
1207 0.9742838541668684 0.0610351562498087 0
1208 0.974609375000188 0.05696614583315603 0
1209 0.9749348958335077 0.05289713541650332 0
1210 0.9752604166668275 0.04882812499985064 0
1211 0.9755859375001474 0.04475911458319793 0
1212 0.9759114583334672 0.04069010416654524 0
1213 0.9762369791667871 0.03662109374989255 0
1214 0.9765625000001067 0.03255208333323986 0
1215 0.9768880208334265 0.02848307291658717 0
1216 0.9772135416667462 0.02441406249993448 0
1217 0.977539062500066 0.02034505208328178 0
1218 0.9778645833333861 0.01627604166662874 0
1219 0.9781901041667063 0.01220703124997076 0
1220 0.9785156250000264 0.008138020833312595 0
1221 0.9788411458333466 0.004069010416656816 0