$MeshFormat
2.2 0 8
$EndMeshFormat
$Nodes
323
1 0 0 0
2 0.25 0 0
3 0.75 0 0
4 1 0 0
5 1 0.125 0
6 0.25 0.25 0
7 0 0.25 0
8 0.04166666666658022 0.25 0
9 0.08333333333312526 0.25 0
10 0.124999999999673 0.25 0
11 0.1666666666664469 0.25 0
12 0.2083333333332234 0.25 0
13 0.9375000000005803 0.1354166666665699 0
14 0.8750000000009216 0.1458333333331797 0
15 0.8125000000008549 0.1562499999998575 0
16 0.75000000000076 0.16666666666654 0
17 0.687500000000665 0.1770833333332225 0
18 0.62500000000057 0.187499999999905 0
19 0.562500000000475 0.1979166666665875 0
20 0.5000000000003799 0.20833333333327 0
21 0.437500000000285 0.2187499999999525 0
22 0.3750000000001901 0.229166666666635 0
23 0.312500000000095 0.2395833333333175 0
24 1 0.007812499999984116 0
25 1 0.01562499999997164 0
26 1 0.02343749999994918 0
27 1 0.03124999999992637 0
28 1 0.03906249999990356 0
29 1 0.04687499999988076 0
30 1 0.05468749999985795 0
31 1 0.06249999999983651 0
32 1 0.07031249999985575 0
33 1 0.07812499999987636 0
34 1 0.08593749999989697 0
35 1 0.09374999999991758 0
36 1 0.1015624999999382 0
37 1 0.1093749999999588 0
38 1 0.1171874999999794 0
39 0.7916666666666666 0 0
40 0.8333333333333334 0 0
41 0.875 0 0
42 0.9166666666666666 0 0
43 0.9583333333333333 0 0
44 0.3333333333339117 0 0
45 0.4166666666671296 0 0
46 0.5000000000003477 0 0
47 0.5833333333335651 0 0
48 0.6666666666667825 0 0
49 0.2083333333332755 0 0
50 0.1666666666668979 0 0
51 0.1250000000005149 0 0
52 0.08333333333368018 0 0
53 0.0416666666668401 0 0
54 0 0.2343749999999349 0
55 0 0.2187499999998753 0
56 0 0.2031249999999783 0
57 0 0.1875000000000868 0
58 0 0.1718750000001951 0
59 0 0.1562500000003035 0
60 0 0.1406250000004119 0
61 0 0.1250000000005149 0
62 0 0.1093750000004553 0
63 0 0.09375000000039022 0
64 0 0.07812500000032518 0
65 0 0.06250000000026013 0
66 0 0.04687500000019509 0
67 0 0.03125000000013006 0
68 0 0.01562500000006503 0
69 0.25 0.01562499999996823 0
70 0.25 0.03124999999994329 0
71 0.25 0.04687499999989835 0
72 0.25 0.06249999999985274 0
73 0.25 0.07812499999980713 0
74 0.25 0.09374999999976152 0
75 0.25 0.1093749999997159 0
76 0.25 0.124999999999673 0
77 0.25 0.1406249999997115 0
78 0.25 0.1562499999997527 0
79 0.25 0.1718749999997939 0
80 0.25 0.1874999999998352 0
81 0.25 0.2031249999998764 0
82 0.25 0.2187499999999176 0
83 0.25 0.2343749999999588 0
84 0.04166666666659646 0.2343749999999389 0
85 0.0416666666666127 0.2187499999998823 0
86 0.04166666666662894 0.2031249999999613 0
87 0.0416666666666452 0.1875000000000449 0
88 0.04166666666666145 0.1718750000001282 0
89 0.04166666666667767 0.1562500000002117 0
90 0.04166666666669391 0.1406250000002952 0
91 0.04166666666671016 0.1250000000003746 0
92 0.04166666666672641 0.109375000000332 0
93 0.04166666666674265 0.09375000000028541 0
94 0.0416666666667589 0.07812500000023884 0
95 0.04166666666677513 0.06250000000019221 0
96 0.04166666666679137 0.04687500000014563 0
97 0.04166666666680762 0.03125000000009894 0
98 0.04166666666682386 0.0156250000000489 0
99 0.08333333333315995 0.2343749999999429 0
100 0.08333333333319461 0.2187499999998894 0
101 0.08333333333322932 0.2031249999999443 0
102 0.08333333333326401 0.1875000000000029 0
103 0.08333333333329868 0.1718750000000614 0
104 0.08333333333333334 0.1562500000001199 0
105 0.08333333333336804 0.1406250000001784 0
106 0.0833333333334027 0.1250000000002343 0
107 0.0833333333334374 0.1093750000002088 0
108 0.08333333333347209 0.09375000000018066 0
109 0.08333333333350676 0.07812500000015249 0
110 0.08333333333354145 0.06250000000012433 0
111 0.08333333333357612 0.04687500000009619 0
112 0.08333333333361082 0.03125000000006781 0
113 0.08333333333364551 0.01562500000003277 0
114 0.1249999999997256 0.2343749999999469 0
115 0.1249999999997783 0.2187499999998964 0
116 0.1249999999998309 0.2031249999999273 0
117 0.1249999999998835 0.187499999999961 0
118 0.1249999999999361 0.1718749999999946 0
119 0.1249999999999887 0.1562500000000281 0
120 0.1250000000000413 0.1406250000000617 0
121 0.125000000000094 0.125000000000094 0
122 0.1250000000001466 0.1093750000000856 0
123 0.1250000000001992 0.09375000000007588 0
124 0.1250000000002518 0.07812500000006617 0
125 0.1250000000003044 0.06250000000005643 0
126 0.125000000000357 0.04687500000004673 0
127 0.1250000000004096 0.03125000000003667 0
128 0.1250000000004622 0.01562500000001663 0
129 0.1666666666664751 0.2343749999999508 0
130 0.1666666666665033 0.2187499999999035 0
131 0.1666666666665315 0.2031249999999104 0
132 0.1666666666665596 0.187499999999919 0
133 0.1666666666665879 0.1718749999999277 0
134 0.166666666666616 0.1562499999999363 0
135 0.1666666666666442 0.140624999999945 0
136 0.1666666666666724 0.1249999999999537 0
137 0.1666666666667006 0.1093749999999624 0
138 0.1666666666667288 0.09374999999997108 0
139 0.166666666666757 0.07812499999997982 0
140 0.1666666666667852 0.06249999999998854 0
141 0.1666666666668134 0.04687499999999727 0
142 0.1666666666668416 0.03125000000000554 0
143 0.1666666666668697 0.0156250000000005 0
144 0.2083333333332267 0.2343749999999548 0
145 0.2083333333332299 0.2187499999999105 0
146 0.2083333333332332 0.2031249999998934 0
147 0.2083333333332365 0.1874999999998771 0
148 0.2083333333332398 0.1718749999998608 0
149 0.2083333333332429 0.1562499999998445 0
150 0.2083333333332462 0.1406249999998283 0
151 0.2083333333332495 0.1249999999998133 0
152 0.2083333333332527 0.1093749999998391 0
153 0.208333333333256 0.0937499999998663 0
154 0.2083333333332592 0.07812499999989347 0
155 0.2083333333332625 0.06249999999992063 0
156 0.2083333333332657 0.04687499999994782 0
157 0.208333333333269 0.03124999999997442 0
158 0.2083333333332722 0.01562499999998437 0
159 0.3138020833334619 0.2246093749999457 0
160 0.3151041666668291 0.2096354166665738 0
161 0.3164062500001961 0.194661458333202 0
162 0.317708333333563 0.1796874999998301 0
163 0.3190104166669298 0.1647135416664583 0
164 0.3203125000002969 0.1497395833330865 0
165 0.3216145833336638 0.1347656249997146 0
166 0.3229166666670307 0.1197916666663454 0
167 0.3242187500003906 0.1048177083330542 0
168 0.3255208333337504 0.08984374999976552 0
169 0.3268229166671101 0.07486979166647688 0
170 0.3281250000004699 0.05989583333318826 0
171 0.3294270833338295 0.04492187499989962 0
172 0.3307291666671894 0.02994791666661033 0
173 0.3320312500005509 0.0149739583333019 0
174 0.3776041666668806 0.2148437499999325 0
175 0.3802083333335712 0.2005208333332301 0
176 0.3828125000002617 0.1861979166665276 0
177 0.3854166666669522 0.1718749999998252 0
178 0.388020833333643 0.1575520833331227 0
179 0.3906250000003336 0.1432291666664202 0
180 0.3932291666670242 0.1289062499997177 0
181 0.3958333333337142 0.1145833333330178 0
182 0.3984375000003908 0.1002604166663924 0
183 0.4010416666670671 0.08593749999976952 0
184 0.4036458333337431 0.07161458333314662 0
185 0.4062500000004192 0.05729166666652377 0
186 0.4088541666670954 0.04296874999990088 0
187 0.4114583333337716 0.02864583333327739 0
188 0.4140625000004512 0.01432291666663557 0
189 0.4414062500002992 0.2050781249999194 0
190 0.4453125000003135 0.1914062499998863 0
191 0.4492187500003276 0.1777343749998532 0
192 0.453125000000342 0.1640624999998202 0
193 0.4570312500003561 0.1503906249997871 0
194 0.4609375000003703 0.1367187499997539 0
195 0.4648437500003846 0.1230468749997209 0
196 0.468750000000398 0.1093749999996901 0
197 0.4726562500003913 0.09570312499973063 0
198 0.4765625000003838 0.08203124999977354 0
199 0.4804687500003763 0.06835937499981637 0
200 0.4843750000003689 0.05468749999985927 0
201 0.4882812500003613 0.04101562499990215 0
202 0.492187500000354 0.02734374999994443 0
203 0.4960937500003518 0.01367187499996923 0
204 0.5052083333337177 0.1953124999999063 0
205 0.5104166666670554 0.1822916666665426 0
206 0.5156250000003935 0.1692708333331789 0
207 0.5208333333337311 0.1562499999998152 0
208 0.5260416666670688 0.1432291666664514 0
209 0.5312500000004068 0.1302083333330877 0
210 0.5364583333337446 0.117187499999724 0
211 0.5416666666670814 0.1041666666663625 0
212 0.5468750000003912 0.09114583333306887 0
213 0.5520833333337001 0.07812499999977753 0
214 0.5572916666670088 0.06510416666648615 0
215 0.562500000000318 0.05208333333319478 0
216 0.5677083333336267 0.03906249999990342 0
217 0.5729166666669359 0.02604166666661148 0
218 0.5781250000002515 0.0130208333333029 0
219 0.569010416667136 0.1855468749998931 0
220 0.5755208333337978 0.1731770833331988 0
221 0.5820312500004591 0.1608072916665045 0
222 0.5885416666671206 0.1484374999998101 0
223 0.595052083333782 0.1360677083331158 0
224 0.6015625000004434 0.1236979166664214 0
225 0.6080729166671047 0.1113281249997271 0
226 0.6145833333337649 0.09895833333303489 0
227 0.6210937500003915 0.08658854166640712 0
228 0.6276041666670167 0.07421874999978152 0
229 0.6341145833336419 0.06184895833315589 0
230 0.640625000000267 0.04947916666653029 0
231 0.6471354166668923 0.03710937499990468 0
232 0.6536458333335178 0.02473958333327854 0
233 0.6601562500001517 0.01236979166663657 0
234 0.6328125000005551 0.1757812499998801 0
235 0.64062500000054 0.1640624999998551 0
236 0.6484375000005248 0.1523437499998301 0
237 0.6562500000005097 0.1406249999998051 0
238 0.6640625000004948 0.1289062499997802 0
239 0.6718750000004798 0.1171874999997552 0
240 0.679687500000465 0.1054687499997302 0
241 0.6875000000004484 0.09374999999970726 0
242 0.6953125000003914 0.08203124999974538 0
243 0.7031250000003328 0.07031249999978552 0
244 0.7109375000002745 0.05859374999982567 0
245 0.7187500000002159 0.0468749999998658 0
246 0.7265625000001577 0.03515624999990596 0
247 0.7343750000000996 0.0234374999999456 0
248 0.7421875000000514 0.01171874999997024 0
249 0.6940104166673075 0.1660156249998669 0
250 0.7005208333339494 0.1549479166665113 0
251 0.7070312500005919 0.1438802083331558 0
252 0.7135416666672344 0.1328124999998001 0
253 0.7200520833338764 0.1217447916664445 0
254 0.7265625000005186 0.1106770833330889 0
255 0.733072916667161 0.0996093749997333 0
256 0.7395833333338022 0.08854166666637964 0
257 0.7460937500004096 0.07747395833308363 0
258 0.7526041666670154 0.0664062499997895 0
259 0.7591145833336215 0.05533854166649542 0
260 0.7656250000002277 0.04427083333320132 0
261 0.7721354166668337 0.03320312499990722 0
262 0.7786458333334403 0.02213541666661264 0
263 0.7851562500000549 0.01106770833330391 0
264 0.7552083333340595 0.1562499999998538 0
265 0.7604166666673592 0.1458333333331676 0
266 0.7656250000006587 0.1354166666664813 0
267 0.7708333333339582 0.1249999999997951 0
268 0.7760416666672579 0.1145833333331089 0
269 0.7812500000005572 0.1041666666664227 0
270 0.7864583333338568 0.09374999999973643 0
271 0.7916666666671558 0.08333333333305201 0
272 0.796875000000427 0.07291666666642185 0
273 0.802083333333698 0.06249999999979353 0
274 0.8072916666669684 0.05208333333316516 0
275 0.8125000000002393 0.04166666666653683 0
276 0.8177083333335097 0.03124999999990849 0
277 0.8229166666667805 0.02083333333327969 0
278 0.8281250000000581 0.01041666666663757 0
279 0.8164062500008118 0.1464843749998407 0
280 0.8203125000007687 0.1367187499998238 0
281 0.8242187500007255 0.126953124999807 0
282 0.8281250000006822 0.1171874999997901 0
283 0.8320312500006393 0.1074218749997733 0
284 0.8359375000005961 0.09765624999975639 0
285 0.8398437500005528 0.08789062499973953 0
286 0.8437500000005093 0.07812499999972439 0
287 0.847656250000445 0.06835937499976011 0
288 0.8515625000003803 0.05859374999979751 0
289 0.8554687500003154 0.04882812499983494 0
290 0.8593750000002505 0.03906249999987234 0
291 0.8632812500001857 0.02929687499990976 0
292 0.867187500000121 0.01953124999994674 0
293 0.8710937500000614 0.009765624999971237 0
294 0.8776041666675375 0.136718749999832 0
295 0.8802083333341535 0.1276041666664842 0
296 0.8828125000007694 0.1184895833331364 0
297 0.8854166666673853 0.1093749999997887 0
298 0.8880208333340013 0.1002604166664409 0
299 0.8906250000006172 0.09114583333309312 0
300 0.8932291666672332 0.08203124999974532 0
301 0.8958333333338487 0.07291666666639915 0
302 0.8984375000004506 0.06380208333310043 0
303 0.901041666667052 0.05468749999980329 0
304 0.9036458333336536 0.04557291666650617 0
305 0.9062500000002547 0.03645833333320903 0
306 0.9088541666668565 0.02734374999991191 0
307 0.9114583333334579 0.01822916666661438 0
308 0.9140625000000628 0.009114583333305202 0
309 0.9388020833338808 0.126953124999887 0
310 0.9401041666671812 0.1184895833332041 0
311 0.9414062500004817 0.1100260416665211 0
312 0.9427083333337822 0.1015624999998382 0
313 0.9440104166670826 0.09309895833315519 0
314 0.9453125000003833 0.08463541666647226 0
315 0.9466145833336839 0.07617187499978934 0
316 0.947916666666984 0.06770833333310786 0
317 0.9492187500002777 0.05924479166647046 0
318 0.9505208333335707 0.05078124999983455 0
319 0.9518229166668638 0.04231770833319864 0
320 0.9531250000001572 0.03385416666656273 0
321 0.9544270833334504 0.0253906249999268 0
322 0.9557291666667439 0.01692708333329052 0
323 0.9570312500000388 0.008463541666643414 0
$EndNodes
$Elements
379
1 15 2 0 1 1
2 15 2 0 2 2
3 15 2 0 3 3
4 15 2 0 4 4
5 15 2 0 5 5
6 15 2 0 6 6
7 15 2 0 7 7
8 1 2 0 1 7 8
9 1 2 0 1 8 9
10 1 2 0 1 9 10
11 1 2 0 1 10 11
12 1 2 0 1 11 12
13 1 2 0 1 12 6
14 1 2 0 2 5 13
15 1 2 0 2 13 14
16 1 2 0 2 14 15
17 1 2 0 2 15 16
18 1 2 0 2 16 17
19 1 2 0 2 17 18
20 1 2 0 2 18 19
21 1 2 0 2 19 20
22 1 2 0 2 20 21
23 1 2 0 2 21 22
24 1 2 0 2 22 23
25 1 2 0 2 23 6
26 1 2 0 3 4 24
27 1 2 0 3 24 25
28 1 2 0 3 25 26
29 1 2 0 3 26 27
30 1 2 0 3 27 28
31 1 2 0 3 28 29
32 1 2 0 3 29 30
33 1 2 0 3 30 31
34 1 2 0 3 31 32
35 1 2 0 3 32 33
36 1 2 0 3 33 34
37 1 2 0 3 34 35
38 1 2 0 3 35 36
39 1 2 0 3 36 37
40 1 2 0 3 37 38
41 1 2 0 3 38 5
42 1 2 0 4 3 39
43 1 2 0 4 39 40
44 1 2 0 4 40 41
45 1 2 0 4 41 42
46 1 2 0 4 42 43
47 1 2 0 4 43 4
48 1 2 0 5 2 44
49 1 2 0 5 44 45
50 1 2 0 5 45 46
51 1 2 0 5 46 47
52 1 2 0 5 47 48
53 1 2 0 5 48 3
54 1 2 0 6 2 49
55 1 2 0 6 49 50
56 1 2 0 6 50 51
57 1 2 0 6 51 52
58 1 2 0 6 52 53
59 1 2 0 6 53 1
60 1 2 0 7 7 54
61 1 2 0 7 54 55
62 1 2 0 7 55 56
63 1 2 0 7 56 57
64 1 2 0 7 57 58
65 1 2 0 7 58 59
66 1 2 0 7 59 60
67 1 2 0 7 60 61
68 1 2 0 7 61 62
69 1 2 0 7 62 63
70 1 2 0 7 63 64
71 1 2 0 7 64 65
72 1 2 0 7 65 66
73 1 2 0 7 66 67
74 1 2 0 7 67 68
75 1 2 0 7 68 1
76 1 2 0 8 2 69
77 1 2 0 8 69 70
78 1 2 0 8 70 71
79 1 2 0 8 71 72
80 1 2 0 8 72 73
81 1 2 0 8 73 74
82 1 2 0 8 74 75
83 1 2 0 8 75 76
84 1 2 0 8 76 77
85 1 2 0 8 77 78
86 1 2 0 8 78 79
87 1 2 0 8 79 80
88 1 2 0 8 80 81
89 1 2 0 8 81 82
90 1 2 0 8 82 83
91 1 2 0 8 83 6
92 3 2 0 10 7 54 84 8
93 3 2 0 10 54 55 85 84
94 3 2 0 10 55 56 86 85
95 3 2 0 10 56 57 87 86
96 3 2 0 10 57 58 88 87
97 3 2 0 10 58 59 89 88
98 3 2 0 10 59 60 90 89
99 3 2 0 10 60 61 91 90
100 3 2 0 10 61 62 92 91
101 3 2 0 10 62 63 93 92
102 3 2 0 10 63 64 94 93
103 3 2 0 10 64 65 95 94
104 3 2 0 10 65 66 96 95
105 3 2 0 10 66 67 97 96
106 3 2 0 10 67 68 98 97
107 3 2 0 10 68 1 53 98
108 3 2 0 10 8 84 99 9
109 3 2 0 10 84 85 100 99
110 3 2 0 10 85 86 101 100
111 3 2 0 10 86 87 102 101
112 3 2 0 10 87 88 103 102
113 3 2 0 10 88 89 104 103
114 3 2 0 10 89 90 105 104
115 3 2 0 10 90 91 106 105
116 3 2 0 10 91 92 107 106
117 3 2 0 10 92 93 108 107
118 3 2 0 10 93 94 109 108
119 3 2 0 10 94 95 110 109
120 3 2 0 10 95 96 111 110
121 3 2 0 10 96 97 112 111
122 3 2 0 10 97 98 113 112
123 3 2 0 10 98 53 52 113
124 3 2 0 10 9 99 114 10
125 3 2 0 10 99 100 115 114
126 3 2 0 10 100 101 116 115
127 3 2 0 10 101 102 117 116
128 3 2 0 10 102 103 118 117
129 3 2 0 10 103 104 119 118
130 3 2 0 10 104 105 120 119
131 3 2 0 10 105 106 121 120
132 3 2 0 10 106 107 122 121
133 3 2 0 10 107 108 123 122
134 3 2 0 10 108 109 124 123
135 3 2 0 10 109 110 125 124
136 3 2 0 10 110 111 126 125
137 3 2 0 10 111 112 127 126
138 3 2 0 10 112 113 128 127
139 3 2 0 10 113 52 51 128
140 3 2 0 10 10 114 129 11
141 3 2 0 10 114 115 130 129
142 3 2 0 10 115 116 131 130
143 3 2 0 10 116 117 132 131
144 3 2 0 10 117 118 133 132
145 3 2 0 10 118 119 134 133
146 3 2 0 10 119 120 135 134
147 3 2 0 10 120 121 136 135
148 3 2 0 10 121 122 137 136
149 3 2 0 10 122 123 138 137
150 3 2 0 10 123 124 139 138
151 3 2 0 10 124 125 140 139
152 3 2 0 10 125 126 141 140
153 3 2 0 10 126 127 142 141
154 3 2 0 10 127 128 143 142
155 3 2 0 10 128 51 50 143
156 3 2 0 10 11 129 144 12
157 3 2 0 10 129 130 145 144
158 3 2 0 10 130 131 146 145
159 3 2 0 10 131 132 147 146
160 3 2 0 10 132 133 148 147
161 3 2 0 10 133 134 149 148
162 3 2 0 10 134 135 150 149
163 3 2 0 10 135 136 151 150
164 3 2 0 10 136 137 152 151
165 3 2 0 10 137 138 153 152
166 3 2 0 10 138 139 154 153
167 3 2 0 10 139 140 155 154
168 3 2 0 10 140 141 156 155
169 3 2 0 10 141 142 157 156
170 3 2 0 10 142 143 158 157
171 3 2 0 10 143 50 49 158
172 3 2 0 10 12 144 83 6
173 3 2 0 10 144 145 82 83
174 3 2 0 10 145 146 81 82
175 3 2 0 10 146 147 80 81
176 3 2 0 10 147 148 79 80
177 3 2 0 10 148 149 78 79
178 3 2 0 10 149 150 77 78
179 3 2 0 10 150 151 76 77
180 3 2 0 10 151 152 75 76
181 3 2 0 10 152 153 74 75
182 3 2 0 10 153 154 73 74
183 3 2 0 10 154 155 72 73
184 3 2 0 10 155 156 71 72
185 3 2 0 10 156 157 70 71
186 3 2 0 10 157 158 69 70
187 3 2 0 10 158 49 2 69
188 3 2 0 12 6 83 159 23
189 3 2 0 12 83 82 160 159
190 3 2 0 12 82 81 161 160
191 3 2 0 12 81 80 162 161
192 3 2 0 12 80 79 163 162
193 3 2 0 12 79 78 164 163
194 3 2 0 12 78 77 165 164
195 3 2 0 12 77 76 166 165
196 3 2 0 12 76 75 167 166
197 3 2 0 12 75 74 168 167
198 3 2 0 12 74 73 169 168
199 3 2 0 12 73 72 170 169
200 3 2 0 12 72 71 171 170
201 3 2 0 12 71 70 172 171
202 3 2 0 12 70 69 173 172
203 3 2 0 12 69 2 44 173
204 3 2 0 12 23 159 174 22
205 3 2 0 12 159 160 175 174
206 3 2 0 12 160 161 176 175
207 3 2 0 12 161 162 177 176
208 3 2 0 12 162 163 178 177
209 3 2 0 12 163 164 179 178
210 3 2 0 12 164 165 180 179
211 3 2 0 12 165 166 181 180
212 3 2 0 12 166 167 182 181
213 3 2 0 12 167 168 183 182
214 3 2 0 12 168 169 184 183
215 3 2 0 12 169 170 185 184
216 3 2 0 12 170 171 186 185
217 3 2 0 12 171 172 187 186
218 3 2 0 12 172 173 188 187
219 3 2 0 12 173 44 45 188
220 3 2 0 12 22 174 189 21
221 3 2 0 12 174 175 190 189
222 3 2 0 12 175 176 191 190
223 3 2 0 12 176 177 192 191
224 3 2 0 12 177 178 193 192
225 3 2 0 12 178 179 194 193
226 3 2 0 12 179 180 195 194
227 3 2 0 12 180 181 196 195
228 3 2 0 12 181 182 197 196
229 3 2 0 12 182 183 198 197
230 3 2 0 12 183 184 199 198
231 3 2 0 12 184 185 200 199
232 3 2 0 12 185 186 201 200
233 3 2 0 12 186 187 202 201
234 3 2 0 12 187 188 203 202
235 3 2 0 12 188 45 46 203
236 3 2 0 12 21 189 204 20
237 3 2 0 12 189 190 205 204
238 3 2 0 12 190 191 206 205
239 3 2 0 12 191 192 207 206
240 3 2 0 12 192 193 208 207
241 3 2 0 12 193 194 209 208
242 3 2 0 12 194 195 210 209
243 3 2 0 12 195 196 211 210
244 3 2 0 12 196 197 212 211
245 3 2 0 12 197 198 213 212
246 3 2 0 12 198 199 214 213
247 3 2 0 12 199 200 215 214
248 3 2 0 12 200 201 216 215
249 3 2 0 12 201 202 217 216
250 3 2 0 12 202 203 218 217
251 3 2 0 12 203 46 47 218
252 3 2 0 12 20 204 219 19
253 3 2 0 12 204 205 220 219
254 3 2 0 12 205 206 221 220
255 3 2 0 12 206 207 222 221
256 3 2 0 12 207 208 223 222
257 3 2 0 12 208 209 224 223
258 3 2 0 12 209 210 225 224
259 3 2 0 12 210 211 226 225
260 3 2 0 12 211 212 227 226
261 3 2 0 12 212 213 228 227
262 3 2 0 12 213 214 229 228
263 3 2 0 12 214 215 230 229
264 3 2 0 12 215 216 231 230
265 3 2 0 12 216 217 232 231
266 3 2 0 12 217 218 233 232
267 3 2 0 12 218 47 48 233
268 3 2 0 12 19 219 234 18
269 3 2 0 12 219 220 235 234
270 3 2 0 12 220 221 236 235
271 3 2 0 12 221 222 237 236
272 3 2 0 12 222 223 238 237
273 3 2 0 12 223 224 239 238
274 3 2 0 12 224 225 240 239
275 3 2 0 12 225 226 241 240
276 3 2 0 12 226 227 242 241
277 3 2 0 12 227 228 243 242
278 3 2 0 12 228 229 244 243
279 3 2 0 12 229 230 245 244
280 3 2 0 12 230 231 246 245
281 3 2 0 12 231 232 247 246
282 3 2 0 12 232 233 248 247
283 3 2 0 12 233 48 3 248
284 3 2 0 12 18 234 249 17
285 3 2 0 12 234 235 250 249
286 3 2 0 12 235 236 251 250
287 3 2 0 12 236 237 252 251
288 3 2 0 12 237 238 253 252
289 3 2 0 12 238 239 254 253
290 3 2 0 12 239 240 255 254
291 3 2 0 12 240 241 256 255
292 3 2 0 12 241 242 257 256
293 3 2 0 12 242 243 258 257
294 3 2 0 12 243 244 259 258
295 3 2 0 12 244 245 260 259
296 3 2 0 12 245 246 261 260
297 3 2 0 12 246 247 262 261
298 3 2 0 12 247 248 263 262
299 3 2 0 12 248 3 39 263
300 3 2 0 12 17 249 264 16
301 3 2 0 12 249 250 265 264
302 3 2 0 12 250 251 266 265
303 3 2 0 12 251 252 267 266
304 3 2 0 12 252 253 268 267
305 3 2 0 12 253 254 269 268
306 3 2 0 12 254 255 270 269
307 3 2 0 12 255 256 271 270
308 3 2 0 12 256 257 272 271
309 3 2 0 12 257 258 273 272
310 3 2 0 12 258 259 274 273
311 3 2 0 12 259 260 275 274
312 3 2 0 12 260 261 276 275
313 3 2 0 12 261 262 277 276
314 3 2 0 12 262 263 278 277
315 3 2 0 12 263 39 40 278
316 3 2 0 12 16 264 279 15
317 3 2 0 12 264 265 280 279
318 3 2 0 12 265 266 281 280
319 3 2 0 12 266 267 282 281
320 3 2 0 12 267 268 283 282
321 3 2 0 12 268 269 284 283
322 3 2 0 12 269 270 285 284
323 3 2 0 12 270 271 286 285
324 3 2 0 12 271 272 287 286
325 3 2 0 12 272 273 288 287
326 3 2 0 12 273 274 289 288
327 3 2 0 12 274 275 290 289
328 3 2 0 12 275 276 291 290
329 3 2 0 12 276 277 292 291
330 3 2 0 12 277 278 293 292
331 3 2 0 12 278 40 41 293
332 3 2 0 12 15 279 294 14
333 3 2 0 12 279 280 295 294
334 3 2 0 12 280 281 296 295
335 3 2 0 12 281 282 297 296
336 3 2 0 12 282 283 298 297
337 3 2 0 12 283 284 299 298
338 3 2 0 12 284 285 300 299
339 3 2 0 12 285 286 301 300
340 3 2 0 12 286 287 302 301
341 3 2 0 12 287 288 303 302
342 3 2 0 12 288 289 304 303
343 3 2 0 12 289 290 305 304
344 3 2 0 12 290 291 306 305
345 3 2 0 12 291 292 307 306
346 3 2 0 12 292 293 308 307
347 3 2 0 12 293 41 42 308
348 3 2 0 12 14 294 309 13
349 3 2 0 12 294 295 310 309
350 3 2 0 12 295 296 311 310
351 3 2 0 12 296 297 312 311
352 3 2 0 12 297 298 313 312
353 3 2 0 12 298 299 314 313
354 3 2 0 12 299 300 315 314
355 3 2 0 12 300 301 316 315
356 3 2 0 12 301 302 317 316
357 3 2 0 12 302 303 318 317
358 3 2 0 12 303 304 319 318
359 3 2 0 12 304 305 320 319
360 3 2 0 12 305 306 321 320
361 3 2 0 12 306 307 322 321
362 3 2 0 12 307 308 323 322
363 3 2 0 12 308 42 43 323
364 3 2 0 12 13 309 38 5
365 3 2 0 12 309 310 37 38
366 3 2 0 12 310 311 36 37
367 3 2 0 12 311 312 35 36
368 3 2 0 12 312 313 34 35
369 3 2 0 12 313 314 33 34
370 3 2 0 12 314 315 32 33
371 3 2 0 12 315 316 31 32
372 3 2 0 12 316 317 30 31
373 3 2 0 12 317 318 29 30
374 3 2 0 12 318 319 28 29
375 3 2 0 12 319 320 27 28
376 3 2 0 12 320 321 26 27
377 3 2 0 12 321 322 25 26
378 3 2 0 12 322 323 24 25
379 3 2 0 12 323 43 4 24
$EndElements
