1 0 0 0
2 0.25 0 0
3 0.75 0 0
4 1 0 0
5 1 0.125 0
6 0.25 0.25 0
7 0 0.25 0
8 0.04166666666658022 0.25 0
9 0.08333333333312526 0.25 0
10 0.124999999999673 0.25 0
11 0.1666666666664469 0.25 0
12 0.2083333333332234 0.25 0
13 0.9375000000005803 0.1354166666665699 0
14 0.8750000000009216 0.1458333333331797 0
15 0.8125000000008549 0.1562499999998575 0
16 0.75000000000076 0.16666666666654 0
17 0.687500000000665 0.1770833333332225 0
18 0.62500000000057 0.187499999999905 0
19 0.562500000000475 0.1979166666665875 0
20 0.5000000000003799 0.20833333333327 0
21 0.437500000000285 0.2187499999999525 0
22 0.3750000000001901 0.229166666666635 0
23 0.312500000000095 0.2395833333333175 0
24 1 0.007812499999984116 0
25 1 0.01562499999997164 0
26 1 0.02343749999994918 0
27 1 0.03124999999992637 0
28 1 0.03906249999990356 0
29 1 0.04687499999988076 0
30 1 0.05468749999985795 0
31 1 0.06249999999983651 0
32 1 0.07031249999985575 0
33 1 0.07812499999987636 0
34 1 0.08593749999989697 0
35 1 0.09374999999991758 0
36 1 0.1015624999999382 0
37 1 0.1093749999999588 0
38 1 0.1171874999999794 0
39 0.7916666666666666 0 0
40 0.8333333333333334 0 0
41 0.875 0 0
42 0.9166666666666666 0 0
43 0.9583333333333333 0 0
44 0.3333333333339117 0 0
45 0.4166666666671296 0 0
46 0.5000000000003477 0 0
47 0.5833333333335651 0 0
48 0.6666666666667825 0 0
49 0.2083333333332755 0 0
50 0.1666666666668979 0 0
51 0.1250000000005149 0 0
52 0.08333333333368018 0 0
53 0.0416666666668401 0 0
54 0 0.2343749999999349 0
55 0 0.2187499999998753 0
56 0 0.2031249999999783 0
57 0 0.1875000000000868 0
58 0 0.1718750000001951 0
59 0 0.1562500000003035 0
60 0 0.1406250000004119 0
61 0 0.1250000000005149 0
62 0 0.1093750000004553 0
63 0 0.09375000000039022 0
64 0 0.07812500000032518 0
65 0 0.06250000000026013 0
66 0 0.04687500000019509 0
67 0 0.03125000000013006 0
68 0 0.01562500000006503 0
69 0.25 0.01562499999996823 0
70 0.25 0.03124999999994329 0
71 0.25 0.04687499999989835 0
72 0.25 0.06249999999985274 0
73 0.25 0.07812499999980713 0
74 0.25 0.09374999999976152 0
75 0.25 0.1093749999997159 0
76 0.25 0.124999999999673 0
77 0.25 0.1406249999997115 0
78 0.25 0.1562499999997527 0
79 0.25 0.1718749999997939 0
80 0.25 0.1874999999998352 0
81 0.25 0.2031249999998764 0
82 0.25 0.2187499999999176 0
83 0.25 0.2343749999999588 0
84 0.04166666666659646 0.2343749999999389 0
85 0.0416666666666127 0.2187499999998823 0
86 0.04166666666662894 0.2031249999999613 0
87 0.0416666666666452 0.1875000000000449 0
88 0.04166666666666145 0.1718750000001282 0
89 0.04166666666667767 0.1562500000002117 0
90 0.04166666666669391 0.1406250000002952 0
91 0.04166666666671016 0.1250000000003746 0
92 0.04166666666672641 0.109375000000332 0
93 0.04166666666674265 0.09375000000028541 0
94 0.0416666666667589 0.07812500000023884 0
95 0.04166666666677513 0.06250000000019221 0
96 0.04166666666679137 0.04687500000014563 0
97 0.04166666666680762 0.03125000000009894 0
98 0.04166666666682386 0.0156250000000489 0
99 0.08333333333315995 0.2343749999999429 0
100 0.08333333333319461 0.2187499999998894 0
101 0.08333333333322932 0.2031249999999443 0
102 0.08333333333326401 0.1875000000000029 0
103 0.08333333333329868 0.1718750000000614 0
104 0.08333333333333334 0.1562500000001199 0
105 0.08333333333336804 0.1406250000001784 0
106 0.0833333333334027 0.1250000000002343 0
107 0.0833333333334374 0.1093750000002088 0
108 0.08333333333347209 0.09375000000018066 0
109 0.08333333333350676 0.07812500000015249 0
110 0.08333333333354145 0.06250000000012433 0
111 0.08333333333357612 0.04687500000009619 0
112 0.08333333333361082 0.03125000000006781 0
113 0.08333333333364551 0.01562500000003277 0
114 0.1249999999997256 0.2343749999999469 0
115 0.1249999999997783 0.2187499999998964 0
116 0.1249999999998309 0.2031249999999273 0
117 0.1249999999998835 0.187499999999961 0
118 0.1249999999999361 0.1718749999999946 0
119 0.1249999999999887 0.1562500000000281 0
120 0.1250000000000413 0.1406250000000617 0
121 0.125000000000094 0.125000000000094 0
122 0.1250000000001466 0.1093750000000856 0
123 0.1250000000001992 0.09375000000007588 0
124 0.1250000000002518 0.07812500000006617 0
125 0.1250000000003044 0.06250000000005643 0
126 0.125000000000357 0.04687500000004673 0
127 0.1250000000004096 0.03125000000003667 0
128 0.1250000000004622 0.01562500000001663 0
129 0.1666666666664751 0.2343749999999508 0
130 0.1666666666665033 0.2187499999999035 0
131 0.1666666666665315 0.2031249999999104 0
132 0.1666666666665596 0.187499999999919 0
133 0.1666666666665879 0.1718749999999277 0
134 0.166666666666616 0.1562499999999363 0
135 0.1666666666666442 0.140624999999945 0
136 0.1666666666666724 0.1249999999999537 0
137 0.1666666666667006 0.1093749999999624 0
138 0.1666666666667288 0.09374999999997108 0
139 0.166666666666757 0.07812499999997982 0
140 0.1666666666667852 0.06249999999998854 0
141 0.1666666666668134 0.04687499999999727 0
142 0.1666666666668416 0.03125000000000554 0
143 0.1666666666668697 0.0156250000000005 0
144 0.2083333333332267 0.2343749999999548 0
145 0.2083333333332299 0.2187499999999105 0
146 0.2083333333332332 0.2031249999998934 0
147 0.2083333333332365 0.1874999999998771 0
148 0.2083333333332398 0.1718749999998608 0
149 0.2083333333332429 0.1562499999998445 0
150 0.2083333333332462 0.1406249999998283 0
151 0.2083333333332495 0.1249999999998133 0
152 0.2083333333332527 0.1093749999998391 0
153 0.208333333333256 0.0937499999998663 0
154 0.2083333333332592 0.07812499999989347 0
155 0.2083333333332625 0.06249999999992063 0
156 0.2083333333332657 0.04687499999994782 0
157 0.208333333333269 0.03124999999997442 0
158 0.2083333333332722 0.01562499999998437 0
159 0.3138020833334619 0.2246093749999457 0
160 0.3151041666668291 0.2096354166665738 0
161 0.3164062500001961 0.194661458333202 0
162 0.317708333333563 0.1796874999998301 0
163 0.3190104166669298 0.1647135416664583 0
164 0.3203125000002969 0.1497395833330865 0
165 0.3216145833336638 0.1347656249997146 0
166 0.3229166666670307 0.1197916666663454 0
167 0.3242187500003906 0.1048177083330542 0
168 0.3255208333337504 0.08984374999976552 0
169 0.3268229166671101 0.07486979166647688 0
170 0.3281250000004699 0.05989583333318826 0
171 0.3294270833338295 0.04492187499989962 0
172 0.3307291666671894 0.02994791666661033 0
173 0.3320312500005509 0.0149739583333019 0
174 0.3776041666668806 0.2148437499999325 0
175 0.3802083333335712 0.2005208333332301 0
176 0.3828125000002617 0.1861979166665276 0
177 0.3854166666669522 0.1718749999998252 0
178 0.388020833333643 0.1575520833331227 0
179 0.3906250000003336 0.1432291666664202 0
180 0.3932291666670242 0.1289062499997177 0
181 0.3958333333337142 0.1145833333330178 0
182 0.3984375000003908 0.1002604166663924 0
183 0.4010416666670671 0.08593749999976952 0
184 0.4036458333337431 0.07161458333314662 0
185 0.4062500000004192 0.05729166666652377 0
186 0.4088541666670954 0.04296874999990088 0
187 0.4114583333337716 0.02864583333327739 0
188 0.4140625000004512 0.01432291666663557 0
189 0.4414062500002992 0.2050781249999194 0
190 0.4453125000003135 0.1914062499998863 0
191 0.4492187500003276 0.1777343749998532 0
192 0.453125000000342 0.1640624999998202 0
193 0.4570312500003561 0.1503906249997871 0
194 0.4609375000003703 0.1367187499997539 0
195 0.4648437500003846 0.1230468749997209 0
196 0.468750000000398 0.1093749999996901 0
197 0.4726562500003913 0.09570312499973063 0
198 0.4765625000003838 0.08203124999977354 0
199 0.4804687500003763 0.06835937499981637 0
200 0.4843750000003689 0.05468749999985927 0
201 0.4882812500003613 0.04101562499990215 0
202 0.492187500000354 0.02734374999994443 0
203 0.4960937500003518 0.01367187499996923 0
204 0.5052083333337177 0.1953124999999063 0
205 0.5104166666670554 0.1822916666665426 0
206 0.5156250000003935 0.1692708333331789 0
207 0.5208333333337311 0.1562499999998152 0
208 0.5260416666670688 0.1432291666664514 0
209 0.5312500000004068 0.1302083333330877 0
210 0.5364583333337446 0.117187499999724 0
211 0.5416666666670814 0.1041666666663625 0
212 0.5468750000003912 0.09114583333306887 0
213 0.5520833333337001 0.07812499999977753 0
214 0.5572916666670088 0.06510416666648615 0
215 0.562500000000318 0.05208333333319478 0
216 0.5677083333336267 0.03906249999990342 0
217 0.5729166666669359 0.02604166666661148 0
218 0.5781250000002515 0.0130208333333029 0
219 0.569010416667136 0.1855468749998931 0
220 0.5755208333337978 0.1731770833331988 0
221 0.5820312500004591 0.1608072916665045 0
222 0.5885416666671206 0.1484374999998101 0
223 0.595052083333782 0.1360677083331158 0
224 0.6015625000004434 0.1236979166664214 0
225 0.6080729166671047 0.1113281249997271 0
226 0.6145833333337649 0.09895833333303489 0
227 0.6210937500003915 0.08658854166640712 0
228 0.6276041666670167 0.07421874999978152 0
229 0.6341145833336419 0.06184895833315589 0
230 0.640625000000267 0.04947916666653029 0
231 0.6471354166668923 0.03710937499990468 0
232 0.6536458333335178 0.02473958333327854 0
233 0.6601562500001517 0.01236979166663657 0
234 0.6328125000005551 0.1757812499998801 0
235 0.64062500000054 0.1640624999998551 0
236 0.6484375000005248 0.1523437499998301 0
237 0.6562500000005097 0.1406249999998051 0
238 0.6640625000004948 0.1289062499997802 0
239 0.6718750000004798 0.1171874999997552 0
240 0.679687500000465 0.1054687499997302 0
241 0.6875000000004484 0.09374999999970726 0
242 0.6953125000003914 0.08203124999974538 0
243 0.7031250000003328 0.07031249999978552 0
244 0.7109375000002745 0.05859374999982567 0
245 0.7187500000002159 0.0468749999998658 0
246 0.7265625000001577 0.03515624999990596 0
247 0.7343750000000996 0.0234374999999456 0
248 0.7421875000000514 0.01171874999997024 0
249 0.6940104166673075 0.1660156249998669 0
250 0.7005208333339494 0.1549479166665113 0
251 0.7070312500005919 0.1438802083331558 0
252 0.7135416666672344 0.1328124999998001 0
253 0.7200520833338764 0.1217447916664445 0
254 0.7265625000005186 0.1106770833330889 0
255 0.733072916667161 0.0996093749997333 0
256 0.7395833333338022 0.08854166666637964 0
257 0.7460937500004096 0.07747395833308363 0
258 0.7526041666670154 0.0664062499997895 0
259 0.7591145833336215 0.05533854166649542 0
260 0.7656250000002277 0.04427083333320132 0
261 0.7721354166668337 0.03320312499990722 0
262 0.7786458333334403 0.02213541666661264 0
263 0.7851562500000549 0.01106770833330391 0
264 0.7552083333340595 0.1562499999998538 0
265 0.7604166666673592 0.1458333333331676 0
266 0.7656250000006587 0.1354166666664813 0
267 0.7708333333339582 0.1249999999997951 0
268 0.7760416666672579 0.1145833333331089 0
269 0.7812500000005572 0.1041666666664227 0
270 0.7864583333338568 0.09374999999973643 0
271 0.7916666666671558 0.08333333333305201 0
272 0.796875000000427 0.07291666666642185 0
273 0.802083333333698 0.06249999999979353 0
274 0.8072916666669684 0.05208333333316516 0
275 0.8125000000002393 0.04166666666653683 0
276 0.8177083333335097 0.03124999999990849 0
277 0.8229166666667805 0.02083333333327969 0
278 0.8281250000000581 0.01041666666663757 0
279 0.8164062500008118 0.1464843749998407 0
280 0.8203125000007687 0.1367187499998238 0
281 0.8242187500007255 0.126953124999807 0
282 0.8281250000006822 0.1171874999997901 0
283 0.8320312500006393 0.1074218749997733 0
284 0.8359375000005961 0.09765624999975639 0
285 0.8398437500005528 0.08789062499973953 0
286 0.8437500000005093 0.07812499999972439 0
287 0.847656250000445 0.06835937499976011 0
288 0.8515625000003803 0.05859374999979751 0
289 0.8554687500003154 0.04882812499983494 0
290 0.8593750000002505 0.03906249999987234 0
291 0.8632812500001857 0.02929687499990976 0
292 0.867187500000121 0.01953124999994674 0
293 0.8710937500000614 0.009765624999971237 0
294 0.8776041666675375 0.136718749999832 0
295 0.8802083333341535 0.1276041666664842 0
296 0.8828125000007694 0.1184895833331364 0
297 0.8854166666673853 0.1093749999997887 0
298 0.8880208333340013 0.1002604166664409 0
299 0.8906250000006172 0.09114583333309312 0
300 0.8932291666672332 0.08203124999974532 0
301 0.8958333333338487 0.07291666666639915 0
302 0.8984375000004506 0.06380208333310043 0
303 0.901041666667052 0.05468749999980329 0
304 0.9036458333336536 0.04557291666650617 0
305 0.9062500000002547 0.03645833333320903 0
306 0.9088541666668565 0.02734374999991191 0
307 0.9114583333334579 0.01822916666661438 0
308 0.9140625000000628 0.009114583333305202 0
309 0.9388020833338808 0.126953124999887 0
310 0.9401041666671812 0.1184895833332041 0
311 0.9414062500004817 0.1100260416665211 0
312 0.9427083333337822 0.1015624999998382 0
313 0.9440104166670826 0.09309895833315519 0
314 0.9453125000003833 0.08463541666647226 0
315 0.9466145833336839 0.07617187499978934 0
316 0.947916666666984 0.06770833333310786 0
317 0.9492187500002777 0.05924479166647046 0
318 0.9505208333335707 0.05078124999983455 0
319 0.9518229166668638 0.04231770833319864 0
320 0.9531250000001572 0.03385416666656273 0
321 0.9544270833334504 0.0253906249999268 0
322 0.9557291666667439 0.01692708333329052 0
323 0.9570312500000388 0.008463541666643414 0