176 3 2 0 10 7 106 168 8
177 3 2 0 10 106 107 169 168
178 3 2 0 10 107 108 170 169
179 3 2 0 10 108 109 171 170
180 3 2 0 10 109 110 172 171
181 3 2 0 10 110 111 173 172
182 3 2 0 10 111 112 174 173
183 3 2 0 10 112 113 175 174
184 3 2 0 10 113 114 176 175
185 3 2 0 10 114 115 177 176
186 3 2 0 10 115 116 178 177
187 3 2 0 10 116 117 179 178
188 3 2 0 10 117 118 180 179
189 3 2 0 10 118 119 181 180
190 3 2 0 10 119 120 182 181
191 3 2 0 10 120 121 183 182
192 3 2 0 10 121 122 184 183
193 3 2 0 10 122 123 185 184
194 3 2 0 10 123 124 186 185
195 3 2 0 10 124 125 187 186
196 3 2 0 10 125 126 188 187
197 3 2 0 10 126 127 189 188
198 3 2 0 10 127 128 190 189
199 3 2 0 10 128 129 191 190
200 3 2 0 10 129 130 192 191
201 3 2 0 10 130 131 193 192
202 3 2 0 10 131 132 194 193
203 3 2 0 10 132 133 195 194
204 3 2 0 10 133 134 196 195
205 3 2 0 10 134 135 197 196
206 3 2 0 10 135 136 198 197
207 3 2 0 10 136 1 105 198
208 3 2 0 10 8 168 199 9
209 3 2 0 10 168 169 200 199
210 3 2 0 10 169 170 201 200
211 3 2 0 10 170 171 202 201
212 3 2 0 10 171 172 203 202
213 3 2 0 10 172 173 204 203
214 3 2 0 10 173 174 205 204
215 3 2 0 10 174 175 206 205
216 3 2 0 10 175 176 207 206
217 3 2 0 10 176 177 208 207
218 3 2 0 10 177 178 209 208
219 3 2 0 10 178 179 210 209
220 3 2 0 10 179 180 211 210
221 3 2 0 10 180 181 212 211
222 3 2 0 10 181 182 213 212
223 3 2 0 10 182 183 214 213
224 3 2 0 10 183 184 215 214
225 3 2 0 10 184 185 216 215
226 3 2 0 10 185 186 217 216
227 3 2 0 10 186 187 218 217
228 3 2 0 10 187 188 219 218
229 3 2 0 10 188 189 220 219
230 3 2 0 10 189 190 221 220
231 3 2 0 10 190 191 222 221
232 3 2 0 10 191 192 223 222
233 3 2 0 10 192 193 224 223
234 3 2 0 10 193 194 225 224
235 3 2 0 10 194 195 226 225
236 3 2 0 10 195 196 227 226
237 3 2 0 10 196 197 228 227
238 3 2 0 10 197 198 229 228
239 3 2 0 10 198 105 104 229
240 3 2 0 10 9 199 230 10
241 3 2 0 10 199 200 231 230
242 3 2 0 10 200 201 232 231
243 3 2 0 10 201 202 233 232
244 3 2 0 10 202 203 234 233
245 3 2 0 10 203 204 235 234
246 3 2 0 10 204 205 236 235
247 3 2 0 10 205 206 237 236
248 3 2 0 10 206 207 238 237
249 3 2 0 10 207 208 239 238
250 3 2 0 10 208 209 240 239
251 3 2 0 10 209 210 241 240
252 3 2 0 10 210 211 242 241
253 3 2 0 10 211 212 243 242
254 3 2 0 10 212 213 244 243
255 3 2 0 10 213 214 245 244
256 3 2 0 10 214 215 246 245
257 3 2 0 10 215 216 247 246
258 3 2 0 10 216 217 248 247
259 3 2 0 10 217 218 249 248
260 3 2 0 10 218 219 250 249
261 3 2 0 10 219 220 251 250
262 3 2 0 10 220 221 252 251
263 3 2 0 10 221 222 253 252
264 3 2 0 10 222 223 254 253
265 3 2 0 10 223 224 255 254
266 3 2 0 10 224 225 256 255
267 3 2 0 10 225 226 257 256
268 3 2 0 10 226 227 258 257
269 3 2 0 10 227 228 259 258
270 3 2 0 10 228 229 260 259
271 3 2 0 10 229 104 103 260
272 3 2 0 10 10 230 261 11
273 3 2 0 10 230 231 262 261
274 3 2 0 10 231 232 263 262
275 3 2 0 10 232 233 264 263
276 3 2 0 10 233 234 265 264
277 3 2 0 10 234 235 266 265
278 3 2 0 10 235 236 267 266
279 3 2 0 10 236 237 268 267
280 3 2 0 10 237 238 269 268
281 3 2 0 10 238 239 270 269
282 3 2 0 10 239 240 271 270
283 3 2 0 10 240 241 272 271
284 3 2 0 10 241 242 273 272
285 3 2 0 10 242 243 274 273
286 3 2 0 10 243 244 275 274
287 3 2 0 10 244 245 276 275
288 3 2 0 10 245 246 277 276
289 3 2 0 10 246 247 278 277
290 3 2 0 10 247 248 279 278
291 3 2 0 10 248 249 280 279
292 3 2 0 10 249 250 281 280
293 3 2 0 10 250 251 282 281
294 3 2 0 10 251 252 283 282
295 3 2 0 10 252 253 284 283
296 3 2 0 10 253 254 285 284
297 3 2 0 10 254 255 286 285
298 3 2 0 10 255 256 287 286
299 3 2 0 10 256 257 288 287
300 3 2 0 10 257 258 289 288
301 3 2 0 10 258 259 290 289
302 3 2 0 10 259 260 291 290
303 3 2 0 10 260 103 102 291
304 3 2 0 10 11 261 292 12
305 3 2 0 10 261 262 293 292
306 3 2 0 10 262 263 294 293
307 3 2 0 10 263 264 295 294
308 3 2 0 10 264 265 296 295
309 3 2 0 10 265 266 297 296
310 3 2 0 10 266 267 298 297
311 3 2 0 10 267 268 299 298
312 3 2 0 10 268 269 300 299
313 3 2 0 10 269 270 301 300
314 3 2 0 10 270 271 302 301
315 3 2 0 10 271 272 303 302
316 3 2 0 10 272 273 304 303
317 3 2 0 10 273 274 305 304
318 3 2 0 10 274 275 306 305
319 3 2 0 10 275 276 307 306
320 3 2 0 10 276 277 308 307
321 3 2 0 10 277 278 309 308
322 3 2 0 10 278 279 310 309
323 3 2 0 10 279 280 311 310
324 3 2 0 10 280 281 312 311
325 3 2 0 10 281 282 313 312
326 3 2 0 10 282 283 314 313
327 3 2 0 10 283 284 315 314
328 3 2 0 10 284 285 316 315
329 3 2 0 10 285 286 317 316
330 3 2 0 10 286 287 318 317
331 3 2 0 10 287 288 319 318
332 3 2 0 10 288 289 320 319
333 3 2 0 10 289 290 321 320
334 3 2 0 10 290 291 322 321
335 3 2 0 10 291 102 101 322
336 3 2 0 10 12 292 323 13
337 3 2 0 10 292 293 324 323
338 3 2 0 10 293 294 325 324
339 3 2 0 10 294 295 326 325
340 3 2 0 10 295 296 327 326
341 3 2 0 10 296 297 328 327
342 3 2 0 10 297 298 329 328
343 3 2 0 10 298 299 330 329
344 3 2 0 10 299 300 331 330
345 3 2 0 10 300 301 332 331
346 3 2 0 10 301 302 333 332
347 3 2 0 10 302 303 334 333
348 3 2 0 10 303 304 335 334
349 3 2 0 10 304 305 336 335
350 3 2 0 10 305 306 337 336
351 3 2 0 10 306 307 338 337
352 3 2 0 10 307 308 339 338
353 3 2 0 10 308 309 340 339
354 3 2 0 10 309 310 341 340
355 3 2 0 10 310 311 342 341
356 3 2 0 10 311 312 343 342
357 3 2 0 10 312 313 344 343
358 3 2 0 10 313 314 345 344
359 3 2 0 10 314 315 346 345
360 3 2 0 10 315 316 347 346
361 3 2 0 10 316 317 348 347
362 3 2 0 10 317 318 349 348
363 3 2 0 10 318 319 350 349
364 3 2 0 10 319 320 351 350
365 3 2 0 10 320 321 352 351
366 3 2 0 10 321 322 353 352
367 3 2 0 10 322 101 100 353
368 3 2 0 10 13 323 354 14
369 3 2 0 10 323 324 355 354
370 3 2 0 10 324 325 356 355
371 3 2 0 10 325 326 357 356
372 3 2 0 10 326 327 358 357
373 3 2 0 10 327 328 359 358
374 3 2 0 10 328 329 360 359
375 3 2 0 10 329 330 361 360
376 3 2 0 10 330 331 362 361
377 3 2 0 10 331 332 363 362
378 3 2 0 10 332 333 364 363
379 3 2 0 10 333 334 365 364
380 3 2 0 10 334 335 366 365
381 3 2 0 10 335 336 367 366
382 3 2 0 10 336 337 368 367
383 3 2 0 10 337 338 369 368
384 3 2 0 10 338 339 370 369
385 3 2 0 10 339 340 371 370
386 3 2 0 10 340 341 372 371
387 3 2 0 10 341 342 373 372
388 3 2 0 10 342 343 374 373
389 3 2 0 10 343 344 375 374
390 3 2 0 10 344 345 376 375
391 3 2 0 10 345 346 377 376
392 3 2 0 10 346 347 378 377
393 3 2 0 10 347 348 379 378
394 3 2 0 10 348 349 380 379
395 3 2 0 10 349 350 381 380
396 3 2 0 10 350 351 382 381
397 3 2 0 10 351 352 383 382
398 3 2 0 10 352 353 384 383
399 3 2 0 10 353 100 99 384
400 3 2 0 10 14 354 385 15
401 3 2 0 10 354 355 386 385
402 3 2 0 10 355 356 387 386
403 3 2 0 10 356 357 388 387
404 3 2 0 10 357 358 389 388
405 3 2 0 10 358 359 390 389
406 3 2 0 10 359 360 391 390
407 3 2 0 10 360 361 392 391
408 3 2 0 10 361 362 393 392
409 3 2 0 10 362 363 394 393
410 3 2 0 10 363 364 395 394
411 3 2 0 10 364 365 396 395
412 3 2 0 10 365 366 397 396
413 3 2 0 10 366 367 398 397
414 3 2 0 10 367 368 399 398
415 3 2 0 10 368 369 400 399
416 3 2 0 10 369 370 401 400
417 3 2 0 10 370 371 402 401
418 3 2 0 10 371 372 403 402
419 3 2 0 10 372 373 404 403
420 3 2 0 10 373 374 405 404
421 3 2 0 10 374 375 406 405
422 3 2 0 10 375 376 407 406
423 3 2 0 10 376 377 408 407
424 3 2 0 10 377 378 409 408
425 3 2 0 10 378 379 410 409
426 3 2 0 10 379 380 411 410
427 3 2 0 10 380 381 412 411
428 3 2 0 10 381 382 413 412
429 3 2 0 10 382 383 414 413
430 3 2 0 10 383 384 415 414
431 3 2 0 10 384 99 98 415
432 3 2 0 10 15 385 416 16
433 3 2 0 10 385 386 417 416
434 3 2 0 10 386 387 418 417
435 3 2 0 10 387 388 419 418
436 3 2 0 10 388 389 420 419
437 3 2 0 10 389 390 421 420
438 3 2 0 10 390 391 422 421
439 3 2 0 10 391 392 423 422
440 3 2 0 10 392 393 424 423
441 3 2 0 10 393 394 425 424
442 3 2 0 10 394 395 426 425
443 3 2 0 10 395 396 427 426
444 3 2 0 10 396 397 428 427
445 3 2 0 10 397 398 429 428
446 3 2 0 10 398 399 430 429
447 3 2 0 10 399 400 431 430
448 3 2 0 10 400 401 432 431
449 3 2 0 10 401 402 433 432
450 3 2 0 10 402 403 434 433
451 3 2 0 10 403 404 435 434
452 3 2 0 10 404 405 436 435
453 3 2 0 10 405 406 437 436
454 3 2 0 10 406 407 438 437
455 3 2 0 10 407 408 439 438
456 3 2 0 10 408 409 440 439
457 3 2 0 10 409 410 441 440
458 3 2 0 10 410 411 442 441
459 3 2 0 10 411 412 443 442
460 3 2 0 10 412 413 444 443
461 3 2 0 10 413 414 445 444
462 3 2 0 10 414 415 446 445
463 3 2 0 10 415 98 97 446
464 3 2 0 10 16 416 447 17
465 3 2 0 10 416 417 448 447
466 3 2 0 10 417 418 449 448
467 3 2 0 10 418 419 450 449
468 3 2 0 10 419 420 451 450
469 3 2 0 10 420 421 452 451
470 3 2 0 10 421 422 453 452
471 3 2 0 10 422 423 454 453
472 3 2 0 10 423 424 455 454
473 3 2 0 10 424 425 456 455
474 3 2 0 10 425 426 457 456
475 3 2 0 10 426 427 458 457
476 3 2 0 10 427 428 459 458
477 3 2 0 10 428 429 460 459
478 3 2 0 10 429 430 461 460
479 3 2 0 10 430 431 462 461
480 3 2 0 10 431 432 463 462
481 3 2 0 10 432 433 464 463
482 3 2 0 10 433 434 465 464
483 3 2 0 10 434 435 466 465
484 3 2 0 10 435 436 467 466
485 3 2 0 10 436 437 468 467
486 3 2 0 10 437 438 469 468
487 3 2 0 10 438 439 470 469
488 3 2 0 10 439 440 471 470
489 3 2 0 10 440 441 472 471
490 3 2 0 10 441 442 473 472
491 3 2 0 10 442 443 474 473
492 3 2 0 10 443 444 475 474
493 3 2 0 10 444 445 476 475
494 3 2 0 10 445 446 477 476
495 3 2 0 10 446 97 96 477
496 3 2 0 10 17 447 478 18
497 3 2 0 10 447 448 479 478
498 3 2 0 10 448 449 480 479
499 3 2 0 10 449 450 481 480
500 3 2 0 10 450 451 482 481
501 3 2 0 10 451 452 483 482
502 3 2 0 10 452 453 484 483
503 3 2 0 10 453 454 485 484
504 3 2 0 10 454 455 486 485
505 3 2 0 10 455 456 487 486
506 3 2 0 10 456 457 488 487
507 3 2 0 10 457 458 489 488
508 3 2 0 10 458 459 490 489
509 3 2 0 10 459 460 491 490
510 3 2 0 10 460 461 492 491
511 3 2 0 10 461 462 493 492
512 3 2 0 10 462 463 494 493
513 3 2 0 10 463 464 495 494
514 3 2 0 10 464 465 496 495
515 3 2 0 10 465 466 497 496
516 3 2 0 10 466 467 498 497
517 3 2 0 10 467 468 499 498
518 3 2 0 10 468 469 500 499
519 3 2 0 10 469 470 501 500
520 3 2 0 10 470 471 502 501
521 3 2 0 10 471 472 503 502
522 3 2 0 10 472 473 504 503
523 3 2 0 10 473 474 505 504
524 3 2 0 10 474 475 506 505
525 3 2 0 10 475 476 507 506
526 3 2 0 10 476 477 508 507
527 3 2 0 10 477 96 95 508
528 3 2 0 10 18 478 167 6
529 3 2 0 10 478 479 166 167
530 3 2 0 10 479 480 165 166
531 3 2 0 10 480 481 164 165
532 3 2 0 10 481 482 163 164
533 3 2 0 10 482 483 162 163
534 3 2 0 10 483 484 161 162
535 3 2 0 10 484 485 160 161
536 3 2 0 10 485 486 159 160
537 3 2 0 10 486 487 158 159
538 3 2 0 10 487 488 157 158
539 3 2 0 10 488 489 156 157
540 3 2 0 10 489 490 155 156
541 3 2 0 10 490 491 154 155
542 3 2 0 10 491 492 153 154
543 3 2 0 10 492 493 152 153
544 3 2 0 10 493 494 151 152
545 3 2 0 10 494 495 150 151
546 3 2 0 10 495 496 149 150
547 3 2 0 10 496 497 148 149
548 3 2 0 10 497 498 147 148
549 3 2 0 10 498 499 146 147
550 3 2 0 10 499 500 145 146
551 3 2 0 10 500 501 144 145
552 3 2 0 10 501 502 143 144
553 3 2 0 10 502 503 142 143
554 3 2 0 10 503 504 141 142
555 3 2 0 10 504 505 140 141
556 3 2 0 10 505 506 139 140
557 3 2 0 10 506 507 138 139
558 3 2 0 10 507 508 137 138
559 3 2 0 10 508 95 2 137
560 3 2 0 12 6 167 509 41
561 3 2 0 12 167 166 510 509
562 3 2 0 12 166 165 511 510
563 3 2 0 12 165 164 512 511
564 3 2 0 12 164 163 513 512
565 3 2 0 12 163 162 514 513
566 3 2 0 12 162 161 515 514
567 3 2 0 12 161 160 516 515
568 3 2 0 12 160 159 517 516
569 3 2 0 12 159 158 518 517
570 3 2 0 12 158 157 519 518
571 3 2 0 12 157 156 520 519
572 3 2 0 12 156 155 521 520
573 3 2 0 12 155 154 522 521
574 3 2 0 12 154 153 523 522
575 3 2 0 12 153 152 524 523
576 3 2 0 12 152 151 525 524
577 3 2 0 12 151 150 526 525
578 3 2 0 12 150 149 527 526
579 3 2 0 12 149 148 528 527
580 3 2 0 12 148 147 529 528
581 3 2 0 12 147 146 530 529
582 3 2 0 12 146 145 531 530
583 3 2 0 12 145 144 532 531
584 3 2 0 12 144 143 533 532
585 3 2 0 12 143 142 534 533
586 3 2 0 12 142 141 535 534
587 3 2 0 12 141 140 536 535
588 3 2 0 12 140 139 537 536
589 3 2 0 12 139 138 538 537
590 3 2 0 12 138 137 539 538
591 3 2 0 12 137 2 84 539
592 3 2 0 12 41 509 540 40
593 3 2 0 12 509 510 541 540
594 3 2 0 12 510 511 542 541
595 3 2 0 12 511 512 543 542
596 3 2 0 12 512 513 544 543
597 3 2 0 12 513 514 545 544
598 3 2 0 12 514 515 546 545
599 3 2 0 12 515 516 547 546
600 3 2 0 12 516 517 548 547
601 3 2 0 12 517 518 549 548
602 3 2 0 12 518 519 550 549
603 3 2 0 12 519 520 551 550
604 3 2 0 12 520 521 552 551
605 3 2 0 12 521 522 553 552
606 3 2 0 12 522 523 554 553
607 3 2 0 12 523 524 555 554
608 3 2 0 12 524 525 556 555
609 3 2 0 12 525 526 557 556
610 3 2 0 12 526 527 558 557
611 3 2 0 12 527 528 559 558
612 3 2 0 12 528 529 560 559
613 3 2 0 12 529 530 561 560
614 3 2 0 12 530 531 562 561
615 3 2 0 12 531 532 563 562
616 3 2 0 12 532 533 564 563
617 3 2 0 12 533 534 565 564
618 3 2 0 12 534 535 566 565
619 3 2 0 12 535 536 567 566
620 3 2 0 12 536 537 568 567
621 3 2 0 12 537 538 569 568
622 3 2 0 12 538 539 570 569
623 3 2 0 12 539 84 85 570
624 3 2 0 12 40 540 571 39
625 3 2 0 12 540 541 572 571
626 3 2 0 12 541 542 573 572
627 3 2 0 12 542 543 574 573
628 3 2 0 12 543 544 575 574
629 3 2 0 12 544 545 576 575
630 3 2 0 12 545 546 577 576
631 3 2 0 12 546 547 578 577
632 3 2 0 12 547 548 579 578
633 3 2 0 12 548 549 580 579
634 3 2 0 12 549 550 581 580
635 3 2 0 12 550 551 582 581
636 3 2 0 12 551 552 583 582
637 3 2 0 12 552 553 584 583
638 3 2 0 12 553 554 585 584
639 3 2 0 12 554 555 586 585
640 3 2 0 12 555 556 587 586
641 3 2 0 12 556 557 588 587
642 3 2 0 12 557 558 589 588
643 3 2 0 12 558 559 590 589
644 3 2 0 12 559 560 591 590
645 3 2 0 12 560 561 592 591
646 3 2 0 12 561 562 593 592
647 3 2 0 12 562 563 594 593
648 3 2 0 12 563 564 595 594
649 3 2 0 12 564 565 596 595
650 3 2 0 12 565 566 597 596
651 3 2 0 12 566 567 598 597
652 3 2 0 12 567 568 599 598
653 3 2 0 12 568 569 600 599
654 3 2 0 12 569 570 601 600
655 3 2 0 12 570 85 86 601
656 3 2 0 12 39 571 602 38
657 3 2 0 12 571 572 603 602
658 3 2 0 12 572 573 604 603
659 3 2 0 12 573 574 605 604
660 3 2 0 12 574 575 606 605
661 3 2 0 12 575 576 607 606
662 3 2 0 12 576 577 608 607
663 3 2 0 12 577 578 609 608
664 3 2 0 12 578 579 610 609
665 3 2 0 12 579 580 611 610
666 3 2 0 12 580 581 612 611
667 3 2 0 12 581 582 613 612
668 3 2 0 12 582 583 614 613
669 3 2 0 12 583 584 615 614
670 3 2 0 12 584 585 616 615
671 3 2 0 12 585 586 617 616
672 3 2 0 12 586 587 618 617
673 3 2 0 12 587 588 619 618
674 3 2 0 12 588 589 620 619
675 3 2 0 12 589 590 621 620
676 3 2 0 12 590 591 622 621
677 3 2 0 12 591 592 623 622
678 3 2 0 12 592 593 624 623
679 3 2 0 12 593 594 625 624
680 3 2 0 12 594 595 626 625
681 3 2 0 12 595 596 627 626
682 3 2 0 12 596 597 628 627
683 3 2 0 12 597 598 629 628
684 3 2 0 12 598 599 630 629
685 3 2 0 12 599 600 631 630
686 3 2 0 12 600 601 632 631
687 3 2 0 12 601 86 87 632
688 3 2 0 12 38 602 633 37
689 3 2 0 12 602 603 634 633
690 3 2 0 12 603 604 635 634
691 3 2 0 12 604 605 636 635
692 3 2 0 12 605 606 637 636
693 3 2 0 12 606 607 638 637
694 3 2 0 12 607 608 639 638
695 3 2 0 12 608 609 640 639
696 3 2 0 12 609 610 641 640
697 3 2 0 12 610 611 642 641
698 3 2 0 12 611 612 643 642
699 3 2 0 12 612 613 644 643
700 3 2 0 12 613 614 645 644
701 3 2 0 12 614 615 646 645
702 3 2 0 12 615 616 647 646
703 3 2 0 12 616 617 648 647
704 3 2 0 12 617 618 649 648
705 3 2 0 12 618 619 650 649
706 3 2 0 12 619 620 651 650
707 3 2 0 12 620 621 652 651
708 3 2 0 12 621 622 653 652
709 3 2 0 12 622 623 654 653
710 3 2 0 12 623 624 655 654
711 3 2 0 12 624 625 656 655
712 3 2 0 12 625 626 657 656
713 3 2 0 12 626 627 658 657
714 3 2 0 12 627 628 659 658
715 3 2 0 12 628 629 660 659
716 3 2 0 12 629 630 661 660
717 3 2 0 12 630 631 662 661
718 3 2 0 12 631 632 663 662
719 3 2 0 12 632 87 88 663
720 3 2 0 12 37 633 664 36
721 3 2 0 12 633 634 665 664
722 3 2 0 12 634 635 666 665
723 3 2 0 12 635 636 667 666
724 3 2 0 12 636 637 668 667
725 3 2 0 12 637 638 669 668
726 3 2 0 12 638 639 670 669
727 3 2 0 12 639 640 671 670
728 3 2 0 12 640 641 672 671
729 3 2 0 12 641 642 673 672
730 3 2 0 12 642 643 674 673
731 3 2 0 12 643 644 675 674
732 3 2 0 12 644 645 676 675
733 3 2 0 12 645 646 677 676
734 3 2 0 12 646 647 678 677
735 3 2 0 12 647 648 679 678
736 3 2 0 12 648 649 680 679
737 3 2 0 12 649 650 681 680
738 3 2 0 12 650 651 682 681
739 3 2 0 12 651 652 683 682
740 3 2 0 12 652 653 684 683
741 3 2 0 12 653 654 685 684
742 3 2 0 12 654 655 686 685
743 3 2 0 12 655 656 687 686
744 3 2 0 12 656 657 688 687
745 3 2 0 12 657 658 689 688
746 3 2 0 12 658 659 690 689
747 3 2 0 12 659 660 691 690
748 3 2 0 12 660 661 692 691
749 3 2 0 12 661 662 693 692
750 3 2 0 12 662 663 694 693
751 3 2 0 12 663 88 89 694
752 3 2 0 12 36 664 695 35
753 3 2 0 12 664 665 696 695
754 3 2 0 12 665 666 697 696
755 3 2 0 12 666 667 698 697
756 3 2 0 12 667 668 699 698
757 3 2 0 12 668 669 700 699
758 3 2 0 12 669 670 701 700
759 3 2 0 12 670 671 702 701
760 3 2 0 12 671 672 703 702
761 3 2 0 12 672 673 704 703
762 3 2 0 12 673 674 705 704
763 3 2 0 12 674 675 706 705
764 3 2 0 12 675 676 707 706
765 3 2 0 12 676 677 708 707
766 3 2 0 12 677 678 709 708
767 3 2 0 12 678 679 710 709
768 3 2 0 12 679 680 711 710
769 3 2 0 12 680 681 712 711
770 3 2 0 12 681 682 713 712
771 3 2 0 12 682 683 714 713
772 3 2 0 12 683 684 715 714
773 3 2 0 12 684 685 716 715
774 3 2 0 12 685 686 717 716
775 3 2 0 12 686 687 718 717
776 3 2 0 12 687 688 719 718
777 3 2 0 12 688 689 720 719
778 3 2 0 12 689 690 721 720
779 3 2 0 12 690 691 722 721
780 3 2 0 12 691 692 723 722
781 3 2 0 12 692 693 724 723
782 3 2 0 12 693 694 725 724
783 3 2 0 12 694 89 90 725
784 3 2 0 12 35 695 726 34
785 3 2 0 12 695 696 727 726
786 3 2 0 12 696 697 728 727
787 3 2 0 12 697 698 729 728
788 3 2 0 12 698 699 730 729
789 3 2 0 12 699 700 731 730
790 3 2 0 12 700 701 732 731
791 3 2 0 12 701 702 733 732
792 3 2 0 12 702 703 734 733
793 3 2 0 12 703 704 735 734
794 3 2 0 12 704 705 736 735
795 3 2 0 12 705 706 737 736
796 3 2 0 12 706 707 738 737
797 3 2 0 12 707 708 739 738
798 3 2 0 12 708 709 740 739
799 3 2 0 12 709 710 741 740
800 3 2 0 12 710 711 742 741
801 3 2 0 12 711 712 743 742
802 3 2 0 12 712 713 744 743
803 3 2 0 12 713 714 745 744
804 3 2 0 12 714 715 746 745
805 3 2 0 12 715 716 747 746
806 3 2 0 12 716 717 748 747
807 3 2 0 12 717 718 749 748
808 3 2 0 12 718 719 750 749
809 3 2 0 12 719 720 751 750
810 3 2 0 12 720 721 752 751
811 3 2 0 12 721 722 753 752
812 3 2 0 12 722 723 754 753
813 3 2 0 12 723 724 755 754
814 3 2 0 12 724 725 756 755
815 3 2 0 12 725 90 91 756
816 3 2 0 12 34 726 757 33
817 3 2 0 12 726 727 758 757
818 3 2 0 12 727 728 759 758
819 3 2 0 12 728 729 760 759
820 3 2 0 12 729 730 761 760
821 3 2 0 12 730 731 762 761
822 3 2 0 12 731 732 763 762
823 3 2 0 12 732 733 764 763
824 3 2 0 12 733 734 765 764
825 3 2 0 12 734 735 766 765
826 3 2 0 12 735 736 767 766
827 3 2 0 12 736 737 768 767
828 3 2 0 12 737 738 769 768
829 3 2 0 12 738 739 770 769
830 3 2 0 12 739 740 771 770
831 3 2 0 12 740 741 772 771
832 3 2 0 12 741 742 773 772
833 3 2 0 12 742 743 774 773
834 3 2 0 12 743 744 775 774
835 3 2 0 12 744 745 776 775
836 3 2 0 12 745 746 777 776
837 3 2 0 12 746 747 778 777
838 3 2 0 12 747 748 779 778
839 3 2 0 12 748 749 780 779
840 3 2 0 12 749 750 781 780
841 3 2 0 12 750 751 782 781
842 3 2 0 12 751 752 783 782
843 3 2 0 12 752 753 784 783
844 3 2 0 12 753 754 785 784
845 3 2 0 12 754 755 786 785
846 3 2 0 12 755 756 787 786
847 3 2 0 12 756 91 92 787
848 3 2 0 12 33 757 788 32
849 3 2 0 12 757 758 789 788
850 3 2 0 12 758 759 790 789
851 3 2 0 12 759 760 791 790
852 3 2 0 12 760 761 792 791
853 3 2 0 12 761 762 793 792
854 3 2 0 12 762 763 794 793
855 3 2 0 12 763 764 795 794
856 3 2 0 12 764 765 796 795
857 3 2 0 12 765 766 797 796
858 3 2 0 12 766 767 798 797
859 3 2 0 12 767 768 799 798
860 3 2 0 12 768 769 800 799
861 3 2 0 12 769 770 801 800
862 3 2 0 12 770 771 802 801
863 3 2 0 12 771 772 803 802
864 3 2 0 12 772 773 804 803
865 3 2 0 12 773 774 805 804
866 3 2 0 12 774 775 806 805
867 3 2 0 12 775 776 807 806
868 3 2 0 12 776 777 808 807
869 3 2 0 12 777 778 809 808
870 3 2 0 12 778 779 810 809
871 3 2 0 12 779 780 811 810
872 3 2 0 12 780 781 812 811
873 3 2 0 12 781 782 813 812
874 3 2 0 12 782 783 814 813
875 3 2 0 12 783 784 815 814
876 3 2 0 12 784 785 816 815
877 3 2 0 12 785 786 817 816
878 3 2 0 12 786 787 818 817
879 3 2 0 12 787 92 93 818
880 3 2 0 12 32 788 819 31
881 3 2 0 12 788 789 820 819
882 3 2 0 12 789 790 821 820
883 3 2 0 12 790 791 822 821
884 3 2 0 12 791 792 823 822
885 3 2 0 12 792 793 824 823
886 3 2 0 12 793 794 825 824
887 3 2 0 12 794 795 826 825
888 3 2 0 12 795 796 827 826
889 3 2 0 12 796 797 828 827
890 3 2 0 12 797 798 829 828
891 3 2 0 12 798 799 830 829
892 3 2 0 12 799 800 831 830
893 3 2 0 12 800 801 832 831
894 3 2 0 12 801 802 833 832
895 3 2 0 12 802 803 834 833
896 3 2 0 12 803 804 835 834
897 3 2 0 12 804 805 836 835
898 3 2 0 12 805 806 837 836
899 3 2 0 12 806 807 838 837
900 3 2 0 12 807 808 839 838
901 3 2 0 12 808 809 840 839
902 3 2 0 12 809 810 841 840
903 3 2 0 12 810 811 842 841
904 3 2 0 12 811 812 843 842
905 3 2 0 12 812 813 844 843
906 3 2 0 12 813 814 845 844
907 3 2 0 12 814 815 846 845
908 3 2 0 12 815 816 847 846
909 3 2 0 12 816 817 848 847
910 3 2 0 12 817 818 849 848
911 3 2 0 12 818 93 94 849
912 3 2 0 12 31 819 850 30
913 3 2 0 12 819 820 851 850
914 3 2 0 12 820 821 852 851
915 3 2 0 12 821 822 853 852
916 3 2 0 12 822 823 854 853
917 3 2 0 12 823 824 855 854
918 3 2 0 12 824 825 856 855
919 3 2 0 12 825 826 857 856
920 3 2 0 12 826 827 858 857
921 3 2 0 12 827 828 859 858
922 3 2 0 12 828 829 860 859
923 3 2 0 12 829 830 861 860
924 3 2 0 12 830 831 862 861
925 3 2 0 12 831 832 863 862
926 3 2 0 12 832 833 864 863
927 3 2 0 12 833 834 865 864
928 3 2 0 12 834 835 866 865
929 3 2 0 12 835 836 867 866
930 3 2 0 12 836 837 868 867
931 3 2 0 12 837 838 869 868
932 3 2 0 12 838 839 870 869
933 3 2 0 12 839 840 871 870
934 3 2 0 12 840 841 872 871
935 3 2 0 12 841 842 873 872
936 3 2 0 12 842 843 874 873
937 3 2 0 12 843 844 875 874
938 3 2 0 12 844 845 876 875
939 3 2 0 12 845 846 877 876
940 3 2 0 12 846 847 878 877
941 3 2 0 12 847 848 879 878
942 3 2 0 12 848 849 880 879
943 3 2 0 12 849 94 3 880
944 3 2 0 12 30 850 881 29
945 3 2 0 12 850 851 882 881
946 3 2 0 12 851 852 883 882
947 3 2 0 12 852 853 884 883
948 3 2 0 12 853 854 885 884
949 3 2 0 12 854 855 886 885
950 3 2 0 12 855 856 887 886
951 3 2 0 12 856 857 888 887
952 3 2 0 12 857 858 889 888
953 3 2 0 12 858 859 890 889
954 3 2 0 12 859 860 891 890
955 3 2 0 12 860 861 892 891
956 3 2 0 12 861 862 893 892
957 3 2 0 12 862 863 894 893
958 3 2 0 12 863 864 895 894
959 3 2 0 12 864 865 896 895
960 3 2 0 12 865 866 897 896
961 3 2 0 12 866 867 898 897
962 3 2 0 12 867 868 899 898
963 3 2 0 12 868 869 900 899
964 3 2 0 12 869 870 901 900
965 3 2 0 12 870 871 902 901
966 3 2 0 12 871 872 903 902
967 3 2 0 12 872 873 904 903
968 3 2 0 12 873 874 905 904
969 3 2 0 12 874 875 906 905
970 3 2 0 12 875 876 907 906
971 3 2 0 12 876 877 908 907
972 3 2 0 12 877 878 909 908
973 3 2 0 12 878 879 910 909
974 3 2 0 12 879 880 911 910
975 3 2 0 12 880 3 73 911
976 3 2 0 12 29 881 912 28
977 3 2 0 12 881 882 913 912
978 3 2 0 12 882 883 914 913
979 3 2 0 12 883 884 915 914
980 3 2 0 12 884 885 916 915
981 3 2 0 12 885 886 917 916
982 3 2 0 12 886 887 918 917
983 3 2 0 12 887 888 919 918
984 3 2 0 12 888 889 920 919
985 3 2 0 12 889 890 921 920
986 3 2 0 12 890 891 922 921
987 3 2 0 12 891 892 923 922
988 3 2 0 12 892 893 924 923
989 3 2 0 12 893 894 925 924
990 3 2 0 12 894 895 926 925
991 3 2 0 12 895 896 927 926
992 3 2 0 12 896 897 928 927
993 3 2 0 12 897 898 929 928
994 3 2 0 12 898 899 930 929
995 3 2 0 12 899 900 931 930
996 3 2 0 12 900 901 932 931
997 3 2 0 12 901 902 933 932
998 3 2 0 12 902 903 934 933
999 3 2 0 12 903 904 935 934
1000 3 2 0 12 904 905 936 935
1001 3 2 0 12 905 906 937 936
1002 3 2 0 12 906 907 938 937
1003 3 2 0 12 907 908 939 938
1004 3 2 0 12 908 909 940 939
1005 3 2 0 12 909 910 941 940
1006 3 2 0 12 910 911 942 941
1007 3 2 0 12 911 73 74 942
1008 3 2 0 12 28 912 943 27
1009 3 2 0 12 912 913 944 943
1010 3 2 0 12 913 914 945 944
1011 3 2 0 12 914 915 946 945
1012 3 2 0 12 915 916 947 946
1013 3 2 0 12 916 917 948 947
1014 3 2 0 12 917 918 949 948
1015 3 2 0 12 918 919 950 949
1016 3 2 0 12 919 920 951 950
1017 3 2 0 12 920 921 952 951
1018 3 2 0 12 921 922 953 952
1019 3 2 0 12 922 923 954 953
1020 3 2 0 12 923 924 955 954
1021 3 2 0 12 924 925 956 955
1022 3 2 0 12 925 926 957 956
1023 3 2 0 12 926 927 958 957
1024 3 2 0 12 927 928 959 958
1025 3 2 0 12 928 929 960 959
1026 3 2 0 12 929 930 961 960
1027 3 2 0 12 930 931 962 961
1028 3 2 0 12 931 932 963 962
1029 3 2 0 12 932 933 964 963
1030 3 2 0 12 933 934 965 964
1031 3 2 0 12 934 935 966 965
1032 3 2 0 12 935 936 967 966
1033 3 2 0 12 936 937 968 967
1034 3 2 0 12 937 938 969 968
1035 3 2 0 12 938 939 970 969
1036 3 2 0 12 939 940 971 970
1037 3 2 0 12 940 941 972 971
1038 3 2 0 12 941 942 973 972
1039 3 2 0 12 942 74 75 973
1040 3 2 0 12 27 943 974 26
1041 3 2 0 12 943 944 975 974
1042 3 2 0 12 944 945 976 975
1043 3 2 0 12 945 946 977 976
1044 3 2 0 12 946 947 978 977
1045 3 2 0 12 947 948 979 978
1046 3 2 0 12 948 949 980 979
1047 3 2 0 12 949 950 981 980
1048 3 2 0 12 950 951 982 981
1049 3 2 0 12 951 952 983 982
1050 3 2 0 12 952 953 984 983
1051 3 2 0 12 953 954 985 984
1052 3 2 0 12 954 955 986 985
1053 3 2 0 12 955 956 987 986
1054 3 2 0 12 956 957 988 987
1055 3 2 0 12 957 958 989 988
1056 3 2 0 12 958 959 990 989
1057 3 2 0 12 959 960 991 990
1058 3 2 0 12 960 961 992 991
1059 3 2 0 12 961 962 993 992
1060 3 2 0 12 962 963 994 993
1061 3 2 0 12 963 964 995 994
1062 3 2 0 12 964 965 996 995
1063 3 2 0 12 965 966 997 996
1064 3 2 0 12 966 967 998 997
1065 3 2 0 12 967 968 999 998
1066 3 2 0 12 968 969 1000 999
1067 3 2 0 12 969 970 1001 1000
1068 3 2 0 12 970 971 1002 1001
1069 3 2 0 12 971 972 1003 1002
1070 3 2 0 12 972 973 1004 1003
1071 3 2 0 12 973 75 76 1004
1072 3 2 0 12 26 974 1005 25
1073 3 2 0 12 974 975 1006 1005
1074 3 2 0 12 975 976 1007 1006
1075 3 2 0 12 976 977 1008 1007
1076 3 2 0 12 977 978 1009 1008
1077 3 2 0 12 978 979 1010 1009
1078 3 2 0 12 979 980 1011 1010
1079 3 2 0 12 980 981 1012 1011
1080 3 2 0 12 981 982 1013 1012
1081 3 2 0 12 982 983 1014 1013
1082 3 2 0 12 983 984 1015 1014
1083 3 2 0 12 984 985 1016 1015
1084 3 2 0 12 985 986 1017 1016
1085 3 2 0 12 986 987 1018 1017
1086 3 2 0 12 987 988 1019 1018
1087 3 2 0 12 988 989 1020 1019
1088 3 2 0 12 989 990 1021 1020
1089 3 2 0 12 990 991 1022 1021
1090 3 2 0 12 991 992 1023 1022
1091 3 2 0 12 992 993 1024 1023
1092 3 2 0 12 993 994 1025 1024
1093 3 2 0 12 994 995 1026 1025
1094 3 2 0 12 995 996 1027 1026
1095 3 2 0 12 996 997 1028 1027
1096 3 2 0 12 997 998 1029 1028
1097 3 2 0 12 998 999 1030 1029
1098 3 2 0 12 999 1000 1031 1030
1099 3 2 0 12 1000 1001 1032 1031
1100 3 2 0 12 1001 1002 1033 1032
1101 3 2 0 12 1002 1003 1034 1033
1102 3 2 0 12 1003 1004 1035 1034
1103 3 2 0 12 1004 76 77 1035
1104 3 2 0 12 25 1005 1036 24
1105 3 2 0 12 1005 1006 1037 1036
1106 3 2 0 12 1006 1007 1038 1037
1107 3 2 0 12 1007 1008 1039 1038
1108 3 2 0 12 1008 1009 1040 1039
1109 3 2 0 12 1009 1010 1041 1040
1110 3 2 0 12 1010 1011 1042 1041
1111 3 2 0 12 1011 1012 1043 1042
1112 3 2 0 12 1012 1013 1044 1043
1113 3 2 0 12 1013 1014 1045 1044
1114 3 2 0 12 1014 1015 1046 1045
1115 3 2 0 12 1015 1016 1047 1046
1116 3 2 0 12 1016 1017 1048 1047
1117 3 2 0 12 1017 1018 1049 1048
1118 3 2 0 12 1018 1019 1050 1049
1119 3 2 0 12 1019 1020 1051 1050
1120 3 2 0 12 1020 1021 1052 1051
1121 3 2 0 12 1021 1022 1053 1052
1122 3 2 0 12 1022 1023 1054 1053
1123 3 2 0 12 1023 1024 1055 1054
1124 3 2 0 12 1024 1025 1056 1055
1125 3 2 0 12 1025 1026 1057 1056
1126 3 2 0 12 1026 1027 1058 1057
1127 3 2 0 12 1027 1028 1059 1058
1128 3 2 0 12 1028 1029 1060 1059
1129 3 2 0 12 1029 1030 1061 1060
1130 3 2 0 12 1030 1031 1062 1061
1131 3 2 0 12 1031 1032 1063 1062
1132 3 2 0 12 1032 1033 1064 1063
1133 3 2 0 12 1033 1034 1065 1064
1134 3 2 0 12 1034 1035 1066 1065
1135 3 2 0 12 1035 77 78 1066
1136 3 2 0 12 24 1036 1067 23
1137 3 2 0 12 1036 1037 1068 1067
1138 3 2 0 12 1037 1038 1069 1068
1139 3 2 0 12 1038 1039 1070 1069
1140 3 2 0 12 1039 1040 1071 1070
1141 3 2 0 12 1040 1041 1072 1071
1142 3 2 0 12 1041 1042 1073 1072
1143 3 2 0 12 1042 1043 1074 1073
1144 3 2 0 12 1043 1044 1075 1074
1145 3 2 0 12 1044 1045 1076 1075
1146 3 2 0 12 1045 1046 1077 1076
1147 3 2 0 12 1046 1047 1078 1077
1148 3 2 0 12 1047 1048 1079 1078
1149 3 2 0 12 1048 1049 1080 1079
1150 3 2 0 12 1049 1050 1081 1080
1151 3 2 0 12 1050 1051 1082 1081
1152 3 2 0 12 1051 1052 1083 1082
1153 3 2 0 12 1052 1053 1084 1083
1154 3 2 0 12 1053 1054 1085 1084
1155 3 2 0 12 1054 1055 1086 1085
1156 3 2 0 12 1055 1056 1087 1086
1157 3 2 0 12 1056 1057 1088 1087
1158 3 2 0 12 1057 1058 1089 1088
1159 3 2 0 12 1058 1059 1090 1089
1160 3 2 0 12 1059 1060 1091 1090
1161 3 2 0 12 1060 1061 1092 1091
1162 3 2 0 12 1061 1062 1093 1092
1163 3 2 0 12 1062 1063 1094 1093
1164 3 2 0 12 1063 1064 1095 1094
1165 3 2 0 12 1064 1065 1096 1095
1166 3 2 0 12 1065 1066 1097 1096
1167 3 2 0 12 1066 78 79 1097
1168 3 2 0 12 23 1067 1098 22
1169 3 2 0 12 1067 1068 1099 1098
1170 3 2 0 12 1068 1069 1100 1099
1171 3 2 0 12 1069 1070 1101 1100
1172 3 2 0 12 1070 1071 1102 1101
1173 3 2 0 12 1071 1072 1103 1102
1174 3 2 0 12 1072 1073 1104 1103
1175 3 2 0 12 1073 1074 1105 1104
1176 3 2 0 12 1074 1075 1106 1105
1177 3 2 0 12 1075 1076 1107 1106
1178 3 2 0 12 1076 1077 1108 1107
1179 3 2 0 12 1077 1078 1109 1108
1180 3 2 0 12 1078 1079 1110 1109
1181 3 2 0 12 1079 1080 1111 1110
1182 3 2 0 12 1080 1081 1112 1111
1183 3 2 0 12 1081 1082 1113 1112
1184 3 2 0 12 1082 1083 1114 1113
1185 3 2 0 12 1083 1084 1115 1114
1186 3 2 0 12 1084 1085 1116 1115
1187 3 2 0 12 1085 1086 1117 1116
1188 3 2 0 12 1086 1087 1118 1117
1189 3 2 0 12 1087 1088 1119 1118
1190 3 2 0 12 1088 1089 1120 1119
1191 3 2 0 12 1089 1090 1121 1120
1192 3 2 0 12 1090 1091 1122 1121
1193 3 2 0 12 1091 1092 1123 1122
1194 3 2 0 12 1092 1093 1124 1123
1195 3 2 0 12 1093 1094 1125 1124
1196 3 2 0 12 1094 1095 1126 1125
1197 3 2 0 12 1095 1096 1127 1126
1198 3 2 0 12 1096 1097 1128 1127
1199 3 2 0 12 1097 79 80 1128
1200 3 2 0 12 22 1098 1129 21
1201 3 2 0 12 1098 1099 1130 1129
1202 3 2 0 12 1099 1100 1131 1130
1203 3 2 0 12 1100 1101 1132 1131
1204 3 2 0 12 1101 1102 1133 1132
1205 3 2 0 12 1102 1103 1134 1133
1206 3 2 0 12 1103 1104 1135 1134
1207 3 2 0 12 1104 1105 1136 1135
1208 3 2 0 12 1105 1106 1137 1136
1209 3 2 0 12 1106 1107 1138 1137
1210 3 2 0 12 1107 1108 1139 1138
1211 3 2 0 12 1108 1109 1140 1139
1212 3 2 0 12 1109 1110 1141 1140
1213 3 2 0 12 1110 1111 1142 1141
1214 3 2 0 12 1111 1112 1143 1142
1215 3 2 0 12 1112 1113 1144 1143
1216 3 2 0 12 1113 1114 1145 1144
1217 3 2 0 12 1114 1115 1146 1145
1218 3 2 0 12 1115 1116 1147 1146
1219 3 2 0 12 1116 1117 1148 1147
1220 3 2 0 12 1117 1118 1149 1148
1221 3 2 0 12 1118 1119 1150 1149
1222 3 2 0 12 1119 1120 1151 1150
1223 3 2 0 12 1120 1121 1152 1151
1224 3 2 0 12 1121 1122 1153 1152
1225 3 2 0 12 1122 1123 1154 1153
1226 3 2 0 12 1123 1124 1155 1154
1227 3 2 0 12 1124 1125 1156 1155
1228 3 2 0 12 1125 1126 1157 1156
1229 3 2 0 12 1126 1127 1158 1157
1230 3 2 0 12 1127 1128 1159 1158
1231 3 2 0 12 1128 80 81 1159
1232 3 2 0 12 21 1129 1160 20
1233 3 2 0 12 1129 1130 1161 1160
1234 3 2 0 12 1130 1131 1162 1161
1235 3 2 0 12 1131 1132 1163 1162
1236 3 2 0 12 1132 1133 1164 1163
1237 3 2 0 12 1133 1134 1165 1164
1238 3 2 0 12 1134 1135 1166 1165
1239 3 2 0 12 1135 1136 1167 1166
1240 3 2 0 12 1136 1137 1168 1167
1241 3 2 0 12 1137 1138 1169 1168
1242 3 2 0 12 1138 1139 1170 1169
1243 3 2 0 12 1139 1140 1171 1170
1244 3 2 0 12 1140 1141 1172 1171
1245 3 2 0 12 1141 1142 1173 1172
1246 3 2 0 12 1142 1143 1174 1173
1247 3 2 0 12 1143 1144 1175 1174
1248 3 2 0 12 1144 1145 1176 1175
1249 3 2 0 12 1145 1146 1177 1176
1250 3 2 0 12 1146 1147 1178 1177
1251 3 2 0 12 1147 1148 1179 1178
1252 3 2 0 12 1148 1149 1180 1179
1253 3 2 0 12 1149 1150 1181 1180
1254 3 2 0 12 1150 1151 1182 1181
1255 3 2 0 12 1151 1152 1183 1182
1256 3 2 0 12 1152 1153 1184 1183
1257 3 2 0 12 1153 1154 1185 1184
1258 3 2 0 12 1154 1155 1186 1185
1259 3 2 0 12 1155 1156 1187 1186
1260 3 2 0 12 1156 1157 1188 1187
1261 3 2 0 12 1157 1158 1189 1188
1262 3 2 0 12 1158 1159 1190 1189
1263 3 2 0 12 1159 81 82 1190
1264 3 2 0 12 20 1160 1191 19
1265 3 2 0 12 1160 1161 1192 1191
1266 3 2 0 12 1161 1162 1193 1192
1267 3 2 0 12 1162 1163 1194 1193
1268 3 2 0 12 1163 1164 1195 1194
1269 3 2 0 12 1164 1165 1196 1195
1270 3 2 0 12 1165 1166 1197 1196
1271 3 2 0 12 1166 1167 1198 1197
1272 3 2 0 12 1167 1168 1199 1198
1273 3 2 0 12 1168 1169 1200 1199
1274 3 2 0 12 1169 1170 1201 1200
1275 3 2 0 12 1170 1171 1202 1201
1276 3 2 0 12 1171 1172 1203 1202
1277 3 2 0 12 1172 1173 1204 1203
1278 3 2 0 12 1173 1174 1205 1204
1279 3 2 0 12 1174 1175 1206 1205
1280 3 2 0 12 1175 1176 1207 1206
1281 3 2 0 12 1176 1177 1208 1207
1282 3 2 0 12 1177 1178 1209 1208
1283 3 2 0 12 1178 1179 1210 1209
1284 3 2 0 12 1179 1180 1211 1210
1285 3 2 0 12 1180 1181 1212 1211
1286 3 2 0 12 1181 1182 1213 1212
1287 3 2 0 12 1182 1183 1214 1213
1288 3 2 0 12 1183 1184 1215 1214
1289 3 2 0 12 1184 1185 1216 1215
1290 3 2 0 12 1185 1186 1217 1216
1291 3 2 0 12 1186 1187 1218 1217
1292 3 2 0 12 1187 1188 1219 1218
1293 3 2 0 12 1188 1189 1220 1219
1294 3 2 0 12 1189 1190 1221 1220
1295 3 2 0 12 1190 82 83 1221
1296 3 2 0 12 19 1191 72 5
1297 3 2 0 12 1191 1192 71 72
1298 3 2 0 12 1192 1193 70 71
1299 3 2 0 12 1193 1194 69 70
1300 3 2 0 12 1194 1195 68 69
1301 3 2 0 12 1195 1196 67 68
1302 3 2 0 12 1196 1197 66 67
1303 3 2 0 12 1197 1198 65 66
1304 3 2 0 12 1198 1199 64 65
1305 3 2 0 12 1199 1200 63 64
1306 3 2 0 12 1200 1201 62 63
1307 3 2 0 12 1201 1202 61 62
1308 3 2 0 12 1202 1203 60 61
1309 3 2 0 12 1203 1204 59 60
1310 3 2 0 12 1204 1205 58 59
1311 3 2 0 12 1205 1206 57 58
1312 3 2 0 12 1206 1207 56 57
1313 3 2 0 12 1207 1208 55 56
1314 3 2 0 12 1208 1209 54 55
1315 3 2 0 12 1209 1210 53 54
1316 3 2 0 12 1210 1211 52 53
1317 3 2 0 12 1211 1212 51 52
1318 3 2 0 12 1212 1213 50 51
1319 3 2 0 12 1213 1214 49 50
1320 3 2 0 12 1214 1215 48 49
1321 3 2 0 12 1215 1216 47 48
1322 3 2 0 12 1216 1217 46 47
1323 3 2 0 12 1217 1218 45 46
1324 3 2 0 12 1218 1219 44 45
1325 3 2 0 12 1219 1220 43 44
1326 3 2 0 12 1220 1221 42 43
1327 3 2 0 12 1221 83 4 42