1 0 0 0
2 0.25 0 0
3 0.75 0 0
4 1 0 0
5 1 0.125 0
6 0.25 0.25 0
7 0 0.25 0
8 0.08333333333312526 0.25 0
9 0.1666666666664469 0.25 0
10 0.8750000000009216 0.1458333333331797 0
11 0.75000000000076 0.16666666666654 0
12 0.62500000000057 0.187499999999905 0
13 0.5000000000003799 0.20833333333327 0
14 0.3750000000001901 0.229166666666635 0
15 1 0.01562499999997164 0
16 1 0.03124999999992637 0
17 1 0.04687499999988076 0
18 1 0.06249999999983651 0
19 1 0.07812499999987636 0
20 1 0.09374999999991758 0
21 1 0.1093749999999588 0
22 0.8333333333333334 0 0
23 0.9166666666666666 0 0
24 0.4166666666671296 0 0
25 0.5833333333335651 0 0
26 0.1666666666668979 0 0
27 0.08333333333368018 0 0
28 0 0.2187499999998753 0
29 0 0.1875000000000868 0
30 0 0.1562500000003035 0
31 0 0.1250000000005149 0
32 0 0.09375000000039022 0
33 0 0.06250000000026013 0
34 0 0.03125000000013006 0
35 0.25 0.03124999999994329 0
36 0.25 0.06249999999985274 0
37 0.25 0.09374999999976152 0
38 0.25 0.124999999999673 0
39 0.25 0.1562499999997527 0
40 0.25 0.1874999999998352 0
41 0.25 0.2187499999999176 0
42 0.08333333333319462 0.2187499999998894 0
43 0.08333333333326398 0.1875000000000029 0
44 0.08333333333333337 0.1562500000001199 0
45 0.0833333333334027 0.1250000000002343 0
46 0.08333333333347209 0.09375000000018066 0
47 0.08333333333354145 0.06250000000012433 0
48 0.08333333333361082 0.03125000000006781 0
49 0.1666666666665033 0.2187499999999035 0
50 0.1666666666665597 0.187499999999919 0
51 0.166666666666616 0.1562499999999363 0
52 0.1666666666666724 0.1249999999999537 0
53 0.1666666666667288 0.09374999999997108 0
54 0.1666666666667852 0.06249999999998854 0
55 0.1666666666668416 0.03125000000000554 0
56 0.3802083333335712 0.2005208333332301 0
57 0.3854166666669524 0.1718749999998251 0
58 0.3906250000003336 0.1432291666664202 0
59 0.3958333333337143 0.1145833333330177 0
60 0.4010416666670671 0.08593749999976952 0
61 0.4062500000004192 0.05729166666652376 0
62 0.4114583333337716 0.02864583333327739 0
63 0.5104166666670555 0.1822916666665425 0
64 0.5208333333337312 0.1562499999998152 0
65 0.5312500000004068 0.1302083333330877 0
66 0.5416666666670815 0.1041666666663625 0
67 0.5520833333337001 0.07812499999977753 0
68 0.5625000000003178 0.05208333333319477 0
69 0.572916666666936 0.02604166666661148 0
70 0.64062500000054 0.1640624999998551 0
71 0.6562500000005098 0.1406249999998051 0
72 0.6718750000004798 0.1171874999997552 0
73 0.6875000000004483 0.09374999999970729 0
74 0.7031250000003328 0.07031249999978555 0
75 0.7187500000002161 0.0468749999998658 0
76 0.7343750000000997 0.02343749999994559 0
77 0.760416666667359 0.1458333333331676 0
78 0.7708333333339583 0.1249999999997951 0
79 0.7812500000005572 0.1041666666664227 0
80 0.7916666666671557 0.08333333333305204 0
81 0.802083333333698 0.06249999999979353 0
82 0.812500000000239 0.04166666666653683 0
83 0.8229166666667807 0.02083333333327968 0
84 0.8802083333341534 0.1276041666664842 0
85 0.8854166666673853 0.1093749999997886 0
86 0.8906250000006168 0.09114583333309308 0
87 0.8958333333338486 0.07291666666639915 0
88 0.901041666667052 0.0546874999998033 0
89 0.9062500000002549 0.03645833333320903 0
90 0.9114583333334577 0.01822916666661439 0