50 3 2 0 10 7 28 42 8
51 3 2 0 10 28 29 43 42
52 3 2 0 10 29 30 44 43
53 3 2 0 10 30 31 45 44
54 3 2 0 10 31 32 46 45
55 3 2 0 10 32 33 47 46
56 3 2 0 10 33 34 48 47
57 3 2 0 10 34 1 27 48
58 3 2 0 10 8 42 49 9
59 3 2 0 10 42 43 50 49
60 3 2 0 10 43 44 51 50
61 3 2 0 10 44 45 52 51
62 3 2 0 10 45 46 53 52
63 3 2 0 10 46 47 54 53
64 3 2 0 10 47 48 55 54
65 3 2 0 10 48 27 26 55
66 3 2 0 10 9 49 41 6
67 3 2 0 10 49 50 40 41
68 3 2 0 10 50 51 39 40
69 3 2 0 10 51 52 38 39
70 3 2 0 10 52 53 37 38
71 3 2 0 10 53 54 36 37
72 3 2 0 10 54 55 35 36
73 3 2 0 10 55 26 2 35
74 3 2 0 12 6 41 56 14
75 3 2 0 12 41 40 57 56
76 3 2 0 12 40 39 58 57
77 3 2 0 12 39 38 59 58
78 3 2 0 12 38 37 60 59
79 3 2 0 12 37 36 61 60
80 3 2 0 12 36 35 62 61
81 3 2 0 12 35 2 24 62
82 3 2 0 12 14 56 63 13
83 3 2 0 12 56 57 64 63
84 3 2 0 12 57 58 65 64
85 3 2 0 12 58 59 66 65
86 3 2 0 12 59 60 67 66
87 3 2 0 12 60 61 68 67
88 3 2 0 12 61 62 69 68
89 3 2 0 12 62 24 25 69
90 3 2 0 12 13 63 70 12
91 3 2 0 12 63 64 71 70
92 3 2 0 12 64 65 72 71
93 3 2 0 12 65 66 73 72
94 3 2 0 12 66 67 74 73
95 3 2 0 12 67 68 75 74
96 3 2 0 12 68 69 76 75
97 3 2 0 12 69 25 3 76
98 3 2 0 12 12 70 77 11
99 3 2 0 12 70 71 78 77
100 3 2 0 12 71 72 79 78
101 3 2 0 12 72 73 80 79
102 3 2 0 12 73 74 81 80
103 3 2 0 12 74 75 82 81
104 3 2 0 12 75 76 83 82
105 3 2 0 12 76 3 22 83
106 3 2 0 12 11 77 84 10
107 3 2 0 12 77 78 85 84
108 3 2 0 12 78 79 86 85
109 3 2 0 12 79 80 87 86
110 3 2 0 12 80 81 88 87
111 3 2 0 12 81 82 89 88
112 3 2 0 12 82 83 90 89
113 3 2 0 12 83 22 23 90
114 3 2 0 12 10 84 21 5
115 3 2 0 12 84 85 20 21
116 3 2 0 12 85 86 19 20
117 3 2 0 12 86 87 18 19
118 3 2 0 12 87 88 17 18
119 3 2 0 12 88 89 16 17
120 3 2 0 12 89 90 15 16
121 3 2 0 12 90 23 4 15