$MeshFormat
2.2 0 8
$EndMeshFormat
$Nodes
700
1 0 0 0
2 0.25 0 0
3 0.75 0 0
4 1 0 0
5 1 0.125 0
6 0.25 0.25 0
7 0 0.25 0
8 0.02777777777772706 0.25 0
9 0.05555555555542857 0.25 0
10 0.08333333333312526 0.25 0
11 0.111111111110822 0.25 0
12 0.1388888888885958 0.25 0
13 0.1666666666664469 0.25 0
14 0.1944444444442979 0.25 0
15 0.222222222222149 0.25 0
16 0.9583333333338679 0.1319444444443554 0
17 0.9166666666672154 0.1388888888887974 0
18 0.8750000000009216 0.1458333333331797 0
19 0.8333333333342199 0.15277777777763 0
20 0.79166666666749 0.159722222222085 0
21 0.75000000000076 0.16666666666654 0
22 0.70833333333403 0.173611111110995 0
23 0.6666666666673 0.18055555555545 0
24 0.62500000000057 0.187499999999905 0
25 0.58333333333384 0.19444444444436 0
26 0.5416666666671099 0.201388888888815 0
27 0.5000000000003799 0.20833333333327 0
28 0.4583333333336499 0.215277777777725 0
29 0.4166666666669201 0.22222222222218 0
30 0.37500000000019 0.229166666666635 0
31 0.3333333333334601 0.23611111111109 0
32 0.29166666666673 0.243055555555545 0
33 1 0.005208333333323077 0
34 1 0.01041666666664662 0
35 1 0.01562499999997164 0
36 1 0.02083333333329011 0
37 1 0.02604166666660824 0
38 1 0.03124999999992636 0
39 1 0.0364583333332445 0
40 1 0.04166666666656263 0
41 1 0.04687499999988076 0
42 1 0.05208333333319889 0
43 1 0.05729166666651702 0
44 1 0.06249999999983651 0
45 1 0.06770833333318221 0
46 1 0.0729166666665293 0
47 1 0.07812499999987636 0
48 1 0.08333333333322343 0
49 1 0.0885416666665705 0
50 1 0.09374999999991757 0
51 1 0.09895833333326465 0
52 1 0.1041666666666117 0
53 1 0.1093749999999588 0
54 1 0.1145833333333059 0
55 1 0.1197916666666529 0
56 0.7777777777777778 0 0
57 0.8055555555555556 0 0
58 0.8333333333333334 0 0
59 0.8611111111111112 0 0
60 0.8888888888888888 0 0
61 0.9166666666666666 0 0
62 0.9444444444444444 0 0
63 0.9722222222222222 0 0
64 0.3055555555560954 0 0
65 0.361111111111651 0 0
66 0.4166666666671296 0 0
67 0.4722222222226084 0 0
68 0.5277777777780868 0 0
69 0.5833333333335651 0 0
70 0.6388888888890434 0 0
71 0.6944444444445217 0 0
72 0.2222222222221066 0 0
73 0.194444444444483 0 0
74 0.1666666666668979 0 0
75 0.1388888888893128 0 0
76 0.1111111111115736 0 0
77 0.08333333333368018 0 0
78 0.05555555555578678 0 0
79 0.02777777777789339 0 0
80 0 0.23958333333329 0
81 0 0.2291666666665799 0
82 0 0.2187499999998753 0
83 0 0.2083333333332755 0
84 0 0.1979166666666811 0
85 0 0.1875000000000868 0
86 0 0.1770833333334924 0
87 0 0.1666666666668979 0
88 0 0.1562500000003035 0
89 0 0.1458333333337091 0
90 0 0.1354166666671147 0
91 0 0.1250000000005149 0
92 0 0.1145833333338102 0
93 0 0.1041666666671003 0
94 0 0.09375000000039022 0
95 0 0.08333333333368018 0
96 0 0.07291666666697017 0
97 0 0.06250000000026013 0
98 0 0.05208333333355011 0
99 0 0.0416666666668401 0
100 0 0.03125000000013006 0
101 0 0.02083333333342005 0
102 0 0.01041666666671004 0
103 0.25 0.01041666666664615 0
104 0.25 0.02083333333329325 0
105 0.25 0.03124999999994328 0
106 0.25 0.04166666666658022 0
107 0.25 0.05208333333321648 0
108 0.25 0.06249999999985273 0
109 0.25 0.07291666666648899 0
110 0.25 0.08333333333312526 0
111 0.25 0.09374999999976151 0
112 0.25 0.1041666666663978 0
113 0.25 0.114583333333034 0
114 0.25 0.124999999999673 0
115 0.25 0.1354166666663644 0
116 0.25 0.1458333333330586 0
117 0.25 0.1562499999997527 0
118 0.25 0.1666666666664469 0
119 0.25 0.177083333333141 0
120 0.25 0.1874999999998351 0
121 0.25 0.1979166666665293 0
122 0.25 0.2083333333332234 0
123 0.25 0.2187499999999176 0
124 0.25 0.2291666666666117 0
125 0.25 0.2395833333333058 0
126 0.02777777777773399 0.2395833333332917 0
127 0.02777777777774092 0.2291666666665835 0
128 0.02777777777774785 0.21874999999988 0
129 0.02777777777775478 0.2083333333332696 0
130 0.02777777777776171 0.1979166666666642 0
131 0.02777777777776864 0.1875000000000588 0
132 0.02777777777777556 0.1770833333334533 0
133 0.0277777777777825 0.1666666666668478 0
134 0.02777777777778943 0.1562500000002423 0
135 0.02777777777779636 0.1458333333336368 0
136 0.02777777777780329 0.1354166666670313 0
137 0.02777777777781023 0.1250000000004214 0
138 0.02777777777781716 0.114583333333724 0
139 0.02777777777782408 0.1041666666670222 0
140 0.02777777777783102 0.09375000000032036 0
141 0.02777777777783794 0.08333333333361853 0
142 0.02777777777784488 0.07291666666691671 0
143 0.0277777777778518 0.06250000000021486 0
144 0.02777777777785874 0.05208333333351303 0
145 0.02777777777786568 0.04166666666681122 0
146 0.0277777777778726 0.0312500000001093 0
147 0.02777777777787953 0.02083333333340597 0
148 0.02777777777788646 0.01041666666670294 0
149 0.0555555555554435 0.2395833333332935 0
150 0.05555555555545842 0.229166666666587 0
151 0.05555555555547334 0.2187499999998847 0
152 0.05555555555548827 0.2083333333332639 0
153 0.05555555555550319 0.1979166666666474 0
154 0.05555555555551812 0.1875000000000309 0
155 0.05555555555553304 0.1770833333334143 0
156 0.05555555555554798 0.1666666666667977 0
157 0.05555555555556289 0.1562500000001811 0
158 0.05555555555557781 0.1458333333335645 0
159 0.05555555555559275 0.135416666666948 0
160 0.05555555555560768 0.1250000000003278 0
161 0.05555555555562261 0.1145833333336377 0
162 0.05555555555563752 0.1041666666669441 0
163 0.05555555555565245 0.09375000000025052 0
164 0.05555555555566738 0.08333333333355686 0
165 0.05555555555568231 0.07291666666686325 0
166 0.05555555555569723 0.06250000000016959 0
167 0.05555555555571216 0.05208333333347598 0
168 0.05555555555572708 0.04166666666678236 0
169 0.05555555555574201 0.03125000000008855 0
170 0.05555555555575693 0.02083333333339187 0
171 0.05555555555577185 0.01041666666669584 0
172 0.08333333333314838 0.2395833333332952 0
173 0.0833333333331715 0.2291666666665906 0
174 0.08333333333319462 0.2187499999998894 0
175 0.08333333333321774 0.2083333333332581 0
176 0.08333333333324086 0.1979166666666306 0
177 0.08333333333326401 0.1875000000000029 0
178 0.08333333333328713 0.1770833333333752 0
179 0.08333333333331025 0.1666666666667476 0
180 0.08333333333333337 0.1562500000001199 0
181 0.08333333333335649 0.1458333333334922 0
182 0.08333333333337958 0.1354166666668646 0
183 0.0833333333334027 0.1250000000002343 0
184 0.08333333333342585 0.1145833333335515 0
185 0.08333333333344897 0.1041666666668661 0
186 0.08333333333347209 0.09375000000018063 0
187 0.08333333333349521 0.08333333333349521 0
188 0.08333333333351833 0.07291666666680977 0
189 0.08333333333354145 0.06250000000012433 0
190 0.08333333333356457 0.0520833333334389 0
191 0.0833333333335877 0.04166666666675348 0
192 0.08333333333361082 0.03125000000006781 0
193 0.08333333333363394 0.02083333333337778 0
194 0.08333333333365706 0.01041666666668874 0
195 0.1111111111108533 0.2395833333332971 0
196 0.1111111111108846 0.2291666666665941 0
197 0.1111111111109159 0.2187499999998941 0
198 0.1111111111109472 0.2083333333332523 0
199 0.1111111111109786 0.1979166666666137 0
200 0.1111111111110099 0.1874999999999749 0
201 0.1111111111110412 0.1770833333333362 0
202 0.1111111111110725 0.1666666666666975 0
203 0.1111111111111038 0.1562500000000587 0
204 0.1111111111111351 0.14583333333342 0
205 0.1111111111111664 0.1354166666667813 0
206 0.1111111111111978 0.1250000000001407 0
207 0.1111111111112291 0.1145833333334653 0
208 0.1111111111112604 0.104166666666788 0
209 0.1111111111112917 0.0937500000001108 0
210 0.111111111111323 0.08333333333343357 0
211 0.1111111111113544 0.07291666666675631 0
212 0.1111111111113857 0.06250000000007906 0
213 0.111111111111417 0.05208333333340183 0
214 0.1111111111114483 0.0416666666667246 0
215 0.1111111111114796 0.03125000000004705 0
216 0.1111111111115109 0.02083333333336369 0
217 0.1111111111115423 0.01041666666668165 0
218 0.1388888888886257 0.2395833333332988 0
219 0.1388888888886556 0.2291666666665975 0
220 0.1388888888886855 0.2187499999998988 0
221 0.1388888888887153 0.2083333333332466 0
222 0.1388888888887452 0.1979166666665968 0
223 0.1388888888887751 0.187499999999947 0
224 0.138888888888805 0.1770833333332972 0
225 0.1388888888888349 0.1666666666666474 0
226 0.1388888888888647 0.1562499999999975 0
227 0.1388888888888946 0.1458333333333477 0
228 0.1388888888889245 0.1354166666666979 0
229 0.1388888888889544 0.1250000000000472 0
230 0.1388888888889842 0.114583333333379 0
231 0.1388888888890141 0.10416666666671 0
232 0.138888888889044 0.09375000000004094 0
233 0.1388888888890738 0.0833333333333719 0
234 0.1388888888891037 0.07291666666670285 0
235 0.1388888888891336 0.06250000000003379 0
236 0.1388888888891634 0.05208333333336476 0
237 0.1388888888891934 0.04166666666669572 0
238 0.1388888888892232 0.0312500000000263 0
239 0.1388888888892531 0.02083333333334961 0
240 0.1388888888892829 0.01041666666667455 0
241 0.1666666666664656 0.2395833333333006 0
242 0.1666666666664844 0.2291666666666011 0
243 0.1666666666665033 0.2187499999999035 0
244 0.166666666666522 0.2083333333332408 0
245 0.1666666666665408 0.1979166666665799 0
246 0.1666666666665596 0.187499999999919 0
247 0.1666666666665784 0.1770833333332581 0
248 0.1666666666665972 0.1666666666665972 0
249 0.166666666666616 0.1562499999999363 0
250 0.1666666666666348 0.1458333333332754 0
251 0.1666666666666536 0.1354166666666146 0
252 0.1666666666666724 0.1249999999999536 0
253 0.1666666666666912 0.1145833333332928 0
254 0.16666666666671 0.1041666666666319 0
255 0.1666666666667288 0.09374999999997108 0
256 0.1666666666667476 0.08333333333331022 0
257 0.1666666666667664 0.07291666666664937 0
258 0.1666666666667852 0.06249999999998854 0
259 0.166666666666804 0.05208333333332768 0
260 0.1666666666668228 0.04166666666666685 0
261 0.1666666666668416 0.03125000000000554 0
262 0.1666666666668604 0.02083333333333551 0
263 0.1666666666668792 0.01041666666666745 0
264 0.1944444444443056 0.2395833333333023 0
265 0.1944444444443133 0.2291666666666047 0
266 0.194444444444321 0.2187499999999082 0
267 0.1944444444443288 0.2083333333332351 0
268 0.1944444444443365 0.1979166666665631 0
269 0.1944444444443442 0.1874999999998911 0
270 0.1944444444443519 0.1770833333332191 0
271 0.1944444444443596 0.1666666666665471 0
272 0.1944444444443673 0.1562499999998751 0
273 0.194444444444375 0.1458333333332031 0
274 0.1944444444443828 0.1354166666665312 0
275 0.1944444444443904 0.1249999999998601 0
276 0.1944444444443982 0.1145833333332065 0
277 0.1944444444444059 0.1041666666665539 0
278 0.1944444444444136 0.09374999999990125 0
279 0.1944444444444213 0.08333333333324858 0
280 0.194444444444429 0.07291666666659591 0
281 0.1944444444444367 0.06249999999994327 0
282 0.1944444444444444 0.05208333333329063 0
283 0.1944444444444522 0.04166666666663797 0
284 0.1944444444444598 0.03124999999998479 0
285 0.1944444444444676 0.02083333333332142 0
286 0.1944444444444753 0.01041666666666035 0
287 0.2222222222221472 0.2395833333333041 0
288 0.2222222222221454 0.2291666666666082 0
289 0.2222222222221436 0.2187499999999129 0
290 0.2222222222221419 0.2083333333332292 0
291 0.2222222222221401 0.1979166666665462 0
292 0.2222222222221384 0.1874999999998631 0
293 0.2222222222221366 0.17708333333318 0
294 0.2222222222221348 0.166666666666497 0
295 0.222222222222133 0.156249999999814 0
296 0.2222222222221313 0.1458333333331309 0
297 0.2222222222221295 0.1354166666664478 0
298 0.2222222222221278 0.1249999999997666 0
299 0.222222222222126 0.1145833333331203 0
300 0.2222222222221242 0.1041666666664758 0
301 0.2222222222221225 0.09374999999983136 0
302 0.2222222222221207 0.08333333333318693 0
303 0.222222222222119 0.07291666666654245 0
304 0.2222222222221172 0.062499999999898 0
305 0.2222222222221154 0.05208333333325355 0
306 0.2222222222221136 0.04166666666660909 0
307 0.2222222222221118 0.03124999999996403 0
308 0.2222222222221101 0.02083333333330734 0
309 0.2222222222221083 0.01041666666665325 0
310 0.2922453703704551 0.2329282407407039 0
311 0.2928240740741802 0.2228009259258628 0
312 0.2934027777779053 0.2126736111110217 0
313 0.2939814814816303 0.2025462962961806 0
314 0.2945601851853554 0.1924189814813396 0
315 0.2951388888890806 0.1822916666664985 0
316 0.2957175925928056 0.1721643518516574 0
317 0.2962962962965308 0.1620370370368163 0
318 0.2968750000002558 0.1519097222219752 0
319 0.2974537037039808 0.1417824074071341 0
320 0.2980324074077059 0.131655092592293 0
321 0.2986111111114309 0.1215277777774546 0
322 0.2991898148151528 0.1114004629626672 0
323 0.2997685185188748 0.1012731481478823 0
324 0.3003472222225966 0.09114583333309749 0
325 0.3009259259263185 0.0810185185183127 0
326 0.3015046296300403 0.07089120370352789 0
327 0.3020833333337623 0.06076388888874307 0
328 0.3026620370374841 0.05063657407395826 0
329 0.3032407407412059 0.04050925925917345 0
330 0.3038194444449278 0.03038194444438798 0
331 0.3043981481486505 0.02025462962958978 0
332 0.304976851852373 0.01012731481479443 0
333 0.3344907407408876 0.226273148148102 0
334 0.3356481481483155 0.2164351851851139 0
335 0.3368055555557431 0.2065972222221259 0
336 0.3379629629631707 0.1967592592591378 0
337 0.3391203703705985 0.1869212962961499 0
338 0.3402777777780262 0.1770833333331618 0
339 0.3414351851854538 0.1672453703701738 0
340 0.3425925925928814 0.1574074074071857 0
341 0.3437500000003091 0.1475694444441978 0
342 0.3449074074077367 0.1377314814812097 0
343 0.3460648148151644 0.1278935185182216 0
344 0.3472222222225918 0.1180555555552362 0
345 0.3483796296300135 0.1082175925923003 0
346 0.3495370370374347 0.09837962962936689 0
347 0.3506944444448559 0.08854166666643351 0
348 0.3518518518522771 0.07870370370350018 0
349 0.3530092592596983 0.0688657407405668 0
350 0.3541666666671196 0.05902777777763341 0
351 0.3553240740745409 0.04918981481470005 0
352 0.3564814814819621 0.03935185185176669 0
353 0.3576388888893833 0.02951388888883268 0
354 0.3587962962968061 0.01967592592588631 0
355 0.3599537037042286 0.009837962962942712 0
356 0.376736111111317 0.2196180555555 0
357 0.3784722222224441 0.210069444444365 0
358 0.380208333333571 0.2005208333332301 0
359 0.3819444444446982 0.1909722222220951 0
360 0.3836805555558253 0.1814236111109601 0
361 0.3854166666669522 0.1718749999998251 0
362 0.3871527777780793 0.1623263888886902 0
363 0.3888888888892065 0.1527777777775552 0
364 0.3906250000003336 0.1432291666664202 0
365 0.3923611111114605 0.1336805555552852 0
366 0.3940972222225877 0.1241319444441502 0
367 0.3958333333337141 0.1145833333330178 0
368 0.3975694444448322 0.1050347222219333 0
369 0.3993055555559495 0.09548611111085141 0
370 0.401041666667067 0.0859374999997695 0
371 0.4027777777781844 0.0763888888886876 0
372 0.4045138888893017 0.06684027777760568 0
373 0.4062500000004192 0.05729166666652375 0
374 0.4079861111115367 0.04774305555544184 0
375 0.4097222222226541 0.03819444444435993 0
376 0.4114583333337717 0.02864583333327738 0
377 0.4131944444448913 0.01909722222218284 0
378 0.4149305555560106 0.009548611111090986 0
379 0.4189814814817465 0.212962962962898 0
380 0.421296296296573 0.2037037037036161 0
381 0.4236111111113994 0.1944444444443343 0
382 0.4259259259262258 0.1851851851850523 0
383 0.4282407407410522 0.1759259259257704 0
384 0.4305555555558787 0.1666666666664884 0
385 0.4328703703707053 0.1574074074072065 0
386 0.4351851851855317 0.1481481481479246 0
387 0.4375000000003582 0.1388888888886427 0
388 0.4398148148151846 0.1296296296293608 0
389 0.4421296296300111 0.1203703703700788 0
390 0.4444444444448368 0.1111111111107993 0
391 0.446759259259651 0.1018518518515665 0
392 0.4490740740744645 0.09259259259233599 0
393 0.4513888888892783 0.08333333333310554 0
394 0.4537037037040919 0.07407407407387505 0
395 0.4560185185189054 0.06481481481464459 0
396 0.458333333333719 0.05555555555541408 0
397 0.4606481481485326 0.04629629629618363 0
398 0.4629629629633462 0.03703703703695315 0
399 0.4652777777781599 0.02777777777772209 0
400 0.4675925925929766 0.01851851851847937 0
401 0.4699074074077926 0.009259259259239268 0
402 0.4612268518521757 0.2063078703702961 0
403 0.4641203703707015 0.1973379629628673 0
404 0.4670138888892275 0.1883680555554384 0
405 0.4699074074077532 0.1793981481480095 0
406 0.4728009259262791 0.1704282407405807 0
407 0.4756944444448049 0.1614583333331518 0
408 0.4785879629633307 0.1524884259257229 0
409 0.4814814814818565 0.1435185185182941 0
410 0.4843750000003824 0.1345486111108652 0
411 0.4872685185189083 0.1255787037034363 0
412 0.4901620370374341 0.1166087962960075 0
413 0.4930555555559592 0.1076388888885809 0
414 0.4959490740744696 0.09866898148119958 0
415 0.4988425925929794 0.08969907407382054 0
416 0.5017361111114891 0.08072916666644148 0
417 0.5046296296299989 0.07175925925906247 0
418 0.5075231481485087 0.06278935185168347 0
419 0.5104166666670185 0.05381944444430443 0
420 0.5133101851855282 0.04484953703692543 0
421 0.516203703704038 0.03587962962954639 0
422 0.5190972222225478 0.02690972222216678 0
423 0.5219907407410616 0.01793981481477589 0
424 0.5248842592595743 0.008969907407387545 0
425 0.503472222222605 0.1996527777776942 0
426 0.5069444444448303 0.1909722222221184 0
427 0.5104166666670555 0.1822916666665426 0
428 0.5138888888892806 0.1736111111109668 0
429 0.5173611111115058 0.1649305555553909 0
430 0.5208333333337311 0.1562499999998151 0
431 0.5243055555559563 0.1475694444442393 0
432 0.5277777777781816 0.1388888888886635 0
433 0.5312500000004068 0.1302083333330877 0
434 0.5347222222226319 0.1215277777775119 0
435 0.5381944444448572 0.1128472222219361 0
436 0.5416666666670814 0.1041666666663625 0
437 0.5451388888892883 0.09548611111083269 0
438 0.5486111111114942 0.08680555555530506 0
439 0.5520833333337001 0.0781249999997775 0
440 0.555555555555906 0.06944444444424994 0
441 0.5590277777781118 0.06076388888872236 0
442 0.5625000000003176 0.05208333333319477 0
443 0.5659722222225239 0.0434027777776672 0
444 0.5694444444447298 0.03472222222213964 0
445 0.5729166666669359 0.02604166666661148 0
446 0.5763888888891461 0.01736111111107243 0
447 0.5798611111113561 0.00868055555553582 0
448 0.5457175925930347 0.1929976851850923 0
449 0.5497685185189591 0.1846064814813695 0
450 0.5538194444448836 0.1762152777776467 0
451 0.5578703703708082 0.1678240740739239 0
452 0.5619212962967327 0.1594328703702012 0
453 0.5659722222226572 0.1510416666664785 0
454 0.5700231481485819 0.1426504629627557 0
455 0.5740740740745067 0.134259259259033 0
456 0.5781250000004312 0.1258680555553102 0
457 0.5821759259263557 0.1174768518515874 0
458 0.5862268518522803 0.1090856481478647 0
459 0.5902777777782037 0.1006944444441441 0
460 0.594328703704107 0.09230324074046577 0
461 0.598379629630009 0.08391203703678965 0
462 0.6024305555559111 0.07552083333311352 0
463 0.606481481481813 0.06712962962943739 0
464 0.6105324074077151 0.05873842592576126 0
465 0.6145833333336174 0.05034722222208512 0
466 0.6186342592595192 0.04195601851840899 0
467 0.6226851851854215 0.03356481481473286 0
468 0.6267361111113237 0.02517361111105619 0
469 0.6307870370372313 0.01678240740736896 0
470 0.6348379629631376 0.008391203703684099 0
471 0.5879629629634638 0.1863425925924903 0
472 0.5925925925930877 0.1782407407406206 0
473 0.5972222222227119 0.1701388888887509 0
474 0.6018518518523357 0.1620370370368812 0
475 0.6064814814819599 0.1539351851850115 0
476 0.6111111111115836 0.1458333333331418 0
477 0.6157407407412077 0.1377314814812721 0
478 0.6203703703708315 0.1296296296294024 0
479 0.6250000000004554 0.1215277777775327 0
480 0.6296296296300794 0.113425925925663 0
481 0.6342592592597033 0.1053240740737933 0
482 0.6388888888893259 0.09722222222192567 0
483 0.6435185185189256 0.08912037037009886 0
484 0.6481481481485237 0.08101851851827417 0
485 0.652777777778122 0.07291666666644948 0
486 0.6574074074077202 0.06481481481462482 0
487 0.6620370370373184 0.05671296296280014 0
488 0.6666666666669167 0.04861111111097545 0
489 0.6712962962965149 0.04050925925915078 0
490 0.6759259259261131 0.0324074074073261 0
491 0.6805555555557117 0.02430555555550089 0
492 0.6851851851853159 0.01620370370366549 0
493 0.689814814814919 0.008101851851832379 0
494 0.6302083333338933 0.1796874999998884 0
495 0.6354166666672168 0.1718749999998717 0
496 0.64062500000054 0.1640624999998551 0
497 0.6458333333338633 0.1562499999998384 0
498 0.6510416666671866 0.1484374999998218 0
499 0.6562500000005099 0.1406249999998051 0
500 0.6614583333338332 0.1328124999997885 0
501 0.6666666666671565 0.1249999999997718 0
502 0.6718750000004797 0.1171874999997552 0
503 0.677083333333803 0.1093749999997385 0
504 0.6822916666671264 0.1015624999997219 0
505 0.6875000000004484 0.09374999999970726 0
506 0.6927083333337439 0.08593749999973199 0
507 0.6979166666670387 0.07812499999975875 0
508 0.7031250000003328 0.07031249999978552 0
509 0.7083333333336271 0.06249999999981228 0
510 0.7135416666669215 0.05468749999983905 0
511 0.7187500000002159 0.04687499999986581 0
512 0.7239583333335103 0.03906249999989256 0
513 0.7291666666668049 0.03124999999991933 0
514 0.7343750000000996 0.02343749999994559 0
515 0.739583333333401 0.01562499999996202 0
516 0.7447916666667005 0.007812499999980658 0
517 0.6712962962969155 0.1730324074072864 0
518 0.675925925926531 0.1655092592591228 0
519 0.6805555555561463 0.1579861111109593 0
520 0.685185185185762 0.1504629629627956 0
521 0.6898148148153772 0.142939814814632 0
522 0.6944444444449927 0.1354166666664684 0
523 0.6990740740746083 0.1278935185183048 0
524 0.7037037037042235 0.1203703703701413 0
525 0.708333333333839 0.1128472222219777 0
526 0.7129629629634545 0.1053240740738141 0
527 0.7175925925930698 0.09780092592565046 0
528 0.7222222222226843 0.09027777777748883 0
529 0.7268518518522753 0.08275462962936507 0
530 0.7314814814818649 0.07523148148124331 0
531 0.7361111111114547 0.06770833333312151 0
532 0.7407407407410445 0.06018518518499973 0
533 0.7453703703706341 0.05266203703687793 0
534 0.7500000000002239 0.04513888888875615 0
535 0.7546296296298135 0.03761574074063437 0
536 0.7592592592594031 0.03009259259251256 0
537 0.7638888888889933 0.02256944444439028 0
538 0.7685185185185891 0.01504629629625855 0
539 0.7731481481481836 0.007523148148128934 0
540 0.7123842592599375 0.1663773148146844 0
541 0.7164351851858452 0.1591435185183739 0
542 0.7204861111117529 0.1519097222220634 0
543 0.7245370370376603 0.1446759259257529 0
544 0.7285879629635681 0.1374421296294423 0
545 0.7326388888894756 0.1302083333331318 0
546 0.7366898148153832 0.1229745370368212 0
547 0.7407407407412908 0.1157407407405107 0
548 0.7447916666671982 0.1085069444442001 0
549 0.7488425925931059 0.1012731481478896 0
550 0.7528935185190135 0.09403935185157908 0
551 0.7569444444449199 0.08680555555527042 0
552 0.7609953703708059 0.0795717592589982 0
553 0.7650462962966912 0.07233796296272785 0
554 0.7690972222225765 0.06510416666645751 0
555 0.7731481481484612 0.05787037037018716 0
556 0.7771990740743463 0.05063657407391682 0
557 0.7812500000002315 0.04340277777764649 0
558 0.7853009259261167 0.03616898148137614 0
559 0.7893518518520016 0.02893518518510581 0
560 0.793402777777887 0.02170138888883499 0
561 0.7974537037037774 0.01446759259255508 0
562 0.8015046296296667 0.007233796296277214 0
563 0.7534722222229597 0.1597222222220825 0
564 0.7569444444451594 0.152777777777625 0
565 0.7604166666673591 0.1458333333331676 0
566 0.7638888888895588 0.13888888888871 0
567 0.7673611111117585 0.1319444444442526 0
568 0.7708333333339581 0.1249999999997951 0
569 0.7743055555561578 0.1180555555553376 0
570 0.7777777777783577 0.1111111111108801 0
571 0.7812500000005573 0.1041666666664227 0
572 0.7847222222227573 0.09722222222196517 0
573 0.7881944444449569 0.09027777777750767 0
574 0.7916666666671557 0.08333333333305201 0
575 0.7951388888893369 0.0763888888886313 0
576 0.7986111111115173 0.06944444444421241 0
577 0.802083333333698 0.06249999999979351 0
578 0.8055555555558785 0.05555555555537461 0
579 0.8090277777780588 0.04861111111095572 0
580 0.8125000000002391 0.04166666666653682 0
581 0.8159722222224195 0.03472222222211795 0
582 0.8194444444445999 0.02777777777769903 0
583 0.8229166666667807 0.02083333333327969 0
584 0.8263888888889657 0.01388888888885161 0
585 0.8298611111111496 0.006944444444425491 0
586 0.7945601851859817 0.1530671296294806 0
587 0.7974537037044737 0.1464120370368761 0
588 0.8003472222229654 0.1397569444442717 0
589 0.8032407407414571 0.1331018518516673 0
590 0.8061342592599491 0.1264467592590629 0
591 0.809027777778441 0.1197916666664584 0
592 0.811921296296933 0.113136574073854 0
593 0.8148148148154247 0.1064814814812496 0
594 0.8177083333339165 0.09982638888864515 0
595 0.8206018518524084 0.09317129629604075 0
596 0.8234953703709004 0.08651620370343628 0
597 0.8263888888893914 0.07986111111083362 0
598 0.8292824074078679 0.07320601851826442 0
599 0.8321759259263438 0.06655092592569697 0
600 0.8350694444448193 0.05989583333312951 0
601 0.8379629629632953 0.05324074074056207 0
602 0.8408564814817708 0.04658564814799461 0
603 0.8437500000002468 0.03993055555542716 0
604 0.8466435185187226 0.03327546296285972 0
605 0.8495370370371982 0.02662037037029227 0
606 0.8524305555556743 0.01996527777772439 0
607 0.8553240740741538 0.01331018518514814 0
608 0.8582175925926326 0.00665509259257377 0
609 0.8356481481490041 0.1464120370368786 0
610 0.8379629629637879 0.1400462962961273 0
611 0.8402777777785717 0.1336805555553759 0
612 0.8425925925933557 0.1273148148146245 0
613 0.8449074074081397 0.1209490740738732 0
614 0.847222222222924 0.1145833333331218 0
615 0.8495370370377079 0.1082175925923704 0
616 0.8518518518524918 0.101851851851619 0
617 0.8541666666672756 0.09548611111086766 0
618 0.8564814814820596 0.08912037037011628 0
619 0.8587962962968438 0.08275462962936489 0
620 0.861111111111627 0.07638888888861518 0
621 0.8634259259263986 0.07002314814789754 0
622 0.8657407407411699 0.06365740740718152 0
623 0.8680555555559408 0.0572916666664655 0
624 0.8703703703707122 0.05092592592574952 0
625 0.8726851851854831 0.04456018518503351 0
626 0.8750000000002545 0.03819444444431751 0
627 0.8773148148150255 0.03182870370360152 0
628 0.8796296296297965 0.02546296296288551 0
629 0.8819444444445677 0.01909722222216909 0
630 0.8842592592593421 0.01273148148144467 0
631 0.8865740740741156 0.006365740740722048 0
632 0.8767361111119989 0.1397569444442812 0
633 0.8784722222230762 0.1336805555553827 0
634 0.8802083333341535 0.1276041666664842 0
635 0.8819444444452308 0.1215277777775857 0
636 0.8836805555563079 0.1154513888886872 0
637 0.8854166666673852 0.1093749999997886 0
638 0.8871527777784627 0.1032986111108901 0
639 0.8888888888895398 0.09722222222199159 0
640 0.8906250000006171 0.09114583333309309 0
641 0.8923611111116946 0.08506944444419456 0
642 0.8940972222227718 0.07899305555529605 0
643 0.8958333333338487 0.07291666666639912 0
644 0.8975694444449166 0.06684027777753279 0
645 0.8993055555559842 0.06076388888866804 0
646 0.9010416666670519 0.05468749999980328 0
647 0.9027777777781195 0.04861111111093854 0
648 0.9045138888891872 0.04253472222207377 0
649 0.9062500000002549 0.03645833333320903 0
650 0.9079861111113228 0.03038194444434429 0
651 0.9097222222223903 0.02430555555547953 0
652 0.9114583333334579 0.01822916666661438 0
653 0.913194444444528 0.01215277777774159 0
654 0.9149305555555973 0.006076388888870524 0
655 0.917824074074603 0.133101851851749 0
656 0.9189814814819907 0.1273148148147004 0
657 0.9201388888893779 0.121527777777652 0
658 0.9212962962967659 0.1157407407406035 0
659 0.9224537037041534 0.109953703703555 0
660 0.923611111111541 0.1041666666665065 0
661 0.9247685185189287 0.09837962962945798 0
662 0.9259259259263162 0.09259259259240951 0
663 0.9270833333337039 0.08680555555536101 0
664 0.9282407407410913 0.08101851851831256 0
665 0.929398148148479 0.07523148148126403 0
666 0.9305555555558662 0.06944444444421705 0
667 0.9317129629632479 0.06365740740719922 0
668 0.9328703703706288 0.05787037037018289 0
669 0.9340277777780099 0.05208333333316654 0
670 0.9351851851853911 0.04629629629615022 0
671 0.9363425925927724 0.04050925925913388 0
672 0.9375000000001537 0.03472222222211755 0
673 0.9386574074075345 0.02893518518510121 0
674 0.9398148148149156 0.02314814814808488 0
675 0.9409722222222968 0.01736111111106817 0
676 0.9421296296296799 0.01157407407404418 0
677 0.9432870370370621 0.005787037037021831 0
678 0.9589120370375507 0.1264467592591594 0
679 0.9594907407412336 0.1209490740739634 0
680 0.9600694444449167 0.1154513888887674 0
681 0.9606481481485999 0.1099537037035714 0
682 0.9612268518522825 0.1044560185183755 0
683 0.9618055555559655 0.09895833333317949 0
684 0.9623842592596485 0.09346064814798352 0
685 0.9629629629633315 0.08796296296278755 0
686 0.9635416666670145 0.08246527777759158 0
687 0.9641203703706974 0.07696759259239562 0
688 0.9646990740743804 0.07146990740719963 0
689 0.965277777778063 0.06597222222200512 0
690 0.9658564814817432 0.06047453703683824 0
691 0.9664351851854229 0.05497685185167282 0
692 0.9670138888891026 0.04947916666650739 0
693 0.9675925925927821 0.04398148148134198 0
694 0.9681712962964623 0.03848379629617655 0
695 0.968750000000142 0.03298611111101111 0
696 0.9693287037038216 0.0274884259258457 0
697 0.9699074074075014 0.02199074074068027 0
698 0.9704861111111811 0.01649305555551449 0
699 0.9710648148148616 0.01099537037034179 0
700 0.9716435185185418 0.005497685185170646 0
$EndNodes
$Elements
781
1 15 2 0 1 1
2 15 2 0 2 2
3 15 2 0 3 3
4 15 2 0 4 4
5 15 2 0 5 5
6 15 2 0 6 6
7 15 2 0 7 7
8 1 2 0 1 7 8
9 1 2 0 1 8 9
10 1 2 0 1 9 10
11 1 2 0 1 10 11
12 1 2 0 1 11 12
13 1 2 0 1 12 13
14 1 2 0 1 13 14
15 1 2 0 1 14 15
16 1 2 0 1 15 6
17 1 2 0 2 5 16
18 1 2 0 2 16 17
19 1 2 0 2 17 18
20 1 2 0 2 18 19
21 1 2 0 2 19 20
22 1 2 0 2 20 21
23 1 2 0 2 21 22
24 1 2 0 2 22 23
25 1 2 0 2 23 24
26 1 2 0 2 24 25
27 1 2 0 2 25 26
28 1 2 0 2 26 27
29 1 2 0 2 27 28
30 1 2 0 2 28 29
31 1 2 0 2 29 30
32 1 2 0 2 30 31
33 1 2 0 2 31 32
34 1 2 0 2 32 6
35 1 2 0 3 4 33
36 1 2 0 3 33 34
37 1 2 0 3 34 35
38 1 2 0 3 35 36
39 1 2 0 3 36 37
40 1 2 0 3 37 38
41 1 2 0 3 38 39
42 1 2 0 3 39 40
43 1 2 0 3 40 41
44 1 2 0 3 41 42
45 1 2 0 3 42 43
46 1 2 0 3 43 44
47 1 2 0 3 44 45
48 1 2 0 3 45 46
49 1 2 0 3 46 47
50 1 2 0 3 47 48
51 1 2 0 3 48 49
52 1 2 0 3 49 50
53 1 2 0 3 50 51
54 1 2 0 3 51 52
55 1 2 0 3 52 53
56 1 2 0 3 53 54
57 1 2 0 3 54 55
58 1 2 0 3 55 5
59 1 2 0 4 3 56
60 1 2 0 4 56 57
61 1 2 0 4 57 58
62 1 2 0 4 58 59
63 1 2 0 4 59 60
64 1 2 0 4 60 61
65 1 2 0 4 61 62
66 1 2 0 4 62 63
67 1 2 0 4 63 4
68 1 2 0 5 2 64
69 1 2 0 5 64 65
70 1 2 0 5 65 66
71 1 2 0 5 66 67
72 1 2 0 5 67 68
73 1 2 0 5 68 69
74 1 2 0 5 69 70
75 1 2 0 5 70 71
76 1 2 0 5 71 3
77 1 2 0 6 2 72
78 1 2 0 6 72 73
79 1 2 0 6 73 74
80 1 2 0 6 74 75
81 1 2 0 6 75 76
82 1 2 0 6 76 77
83 1 2 0 6 77 78
84 1 2 0 6 78 79
85 1 2 0 6 79 1
86 1 2 0 7 7 80
87 1 2 0 7 80 81
88 1 2 0 7 81 82
89 1 2 0 7 82 83
90 1 2 0 7 83 84
91 1 2 0 7 84 85
92 1 2 0 7 85 86
93 1 2 0 7 86 87
94 1 2 0 7 87 88
95 1 2 0 7 88 89
96 1 2 0 7 89 90
97 1 2 0 7 90 91
98 1 2 0 7 91 92
99 1 2 0 7 92 93
100 1 2 0 7 93 94
101 1 2 0 7 94 95
102 1 2 0 7 95 96
103 1 2 0 7 96 97
104 1 2 0 7 97 98
105 1 2 0 7 98 99
106 1 2 0 7 99 100
107 1 2 0 7 100 101
108 1 2 0 7 101 102
109 1 2 0 7 102 1
110 1 2 0 8 2 103
111 1 2 0 8 103 104
112 1 2 0 8 104 105
113 1 2 0 8 105 106
114 1 2 0 8 106 107
115 1 2 0 8 107 108
116 1 2 0 8 108 109
117 1 2 0 8 109 110
118 1 2 0 8 110 111
119 1 2 0 8 111 112
120 1 2 0 8 112 113
121 1 2 0 8 113 114
122 1 2 0 8 114 115
123 1 2 0 8 115 116
124 1 2 0 8 116 117
125 1 2 0 8 117 118
126 1 2 0 8 118 119
127 1 2 0 8 119 120
128 1 2 0 8 120 121
129 1 2 0 8 121 122
130 1 2 0 8 122 123
131 1 2 0 8 123 124
132 1 2 0 8 124 125
133 1 2 0 8 125 6
134 3 2 0 10 7 80 126 8
135 3 2 0 10 80 81 127 126
136 3 2 0 10 81 82 128 127
137 3 2 0 10 82 83 129 128
138 3 2 0 10 83 84 130 129
139 3 2 0 10 84 85 131 130
140 3 2 0 10 85 86 132 131
141 3 2 0 10 86 87 133 132
142 3 2 0 10 87 88 134 133
143 3 2 0 10 88 89 135 134
144 3 2 0 10 89 90 136 135
145 3 2 0 10 90 91 137 136
146 3 2 0 10 91 92 138 137
147 3 2 0 10 92 93 139 138
148 3 2 0 10 93 94 140 139
149 3 2 0 10 94 95 141 140
150 3 2 0 10 95 96 142 141
151 3 2 0 10 96 97 143 142
152 3 2 0 10 97 98 144 143
153 3 2 0 10 98 99 145 144
154 3 2 0 10 99 100 146 145
155 3 2 0 10 100 101 147 146
156 3 2 0 10 101 102 148 147
157 3 2 0 10 102 1 79 148
158 3 2 0 10 8 126 149 9
159 3 2 0 10 126 127 150 149
160 3 2 0 10 127 128 151 150
161 3 2 0 10 128 129 152 151
162 3 2 0 10 129 130 153 152
163 3 2 0 10 130 131 154 153
164 3 2 0 10 131 132 155 154
165 3 2 0 10 132 133 156 155
166 3 2 0 10 133 134 157 156
167 3 2 0 10 134 135 158 157
168 3 2 0 10 135 136 159 158
169 3 2 0 10 136 137 160 159
170 3 2 0 10 137 138 161 160
171 3 2 0 10 138 139 162 161
172 3 2 0 10 139 140 163 162
173 3 2 0 10 140 141 164 163
174 3 2 0 10 141 142 165 164
175 3 2 0 10 142 143 166 165
176 3 2 0 10 143 144 167 166
177 3 2 0 10 144 145 168 167
178 3 2 0 10 145 146 169 168
179 3 2 0 10 146 147 170 169
180 3 2 0 10 147 148 171 170
181 3 2 0 10 148 79 78 171
182 3 2 0 10 9 149 172 10
183 3 2 0 10 149 150 173 172
184 3 2 0 10 150 151 174 173
185 3 2 0 10 151 152 175 174
186 3 2 0 10 152 153 176 175
187 3 2 0 10 153 154 177 176
188 3 2 0 10 154 155 178 177
189 3 2 0 10 155 156 179 178
190 3 2 0 10 156 157 180 179
191 3 2 0 10 157 158 181 180
192 3 2 0 10 158 159 182 181
193 3 2 0 10 159 160 183 182
194 3 2 0 10 160 161 184 183
195 3 2 0 10 161 162 185 184
196 3 2 0 10 162 163 186 185
197 3 2 0 10 163 164 187 186
198 3 2 0 10 164 165 188 187
199 3 2 0 10 165 166 189 188
200 3 2 0 10 166 167 190 189
201 3 2 0 10 167 168 191 190
202 3 2 0 10 168 169 192 191
203 3 2 0 10 169 170 193 192
204 3 2 0 10 170 171 194 193
205 3 2 0 10 171 78 77 194
206 3 2 0 10 10 172 195 11
207 3 2 0 10 172 173 196 195
208 3 2 0 10 173 174 197 196
209 3 2 0 10 174 175 198 197
210 3 2 0 10 175 176 199 198
211 3 2 0 10 176 177 200 199
212 3 2 0 10 177 178 201 200
213 3 2 0 10 178 179 202 201
214 3 2 0 10 179 180 203 202
215 3 2 0 10 180 181 204 203
216 3 2 0 10 181 182 205 204
217 3 2 0 10 182 183 206 205
218 3 2 0 10 183 184 207 206
219 3 2 0 10 184 185 208 207
220 3 2 0 10 185 186 209 208
221 3 2 0 10 186 187 210 209
222 3 2 0 10 187 188 211 210
223 3 2 0 10 188 189 212 211
224 3 2 0 10 189 190 213 212
225 3 2 0 10 190 191 214 213
226 3 2 0 10 191 192 215 214
227 3 2 0 10 192 193 216 215
228 3 2 0 10 193 194 217 216
229 3 2 0 10 194 77 76 217
230 3 2 0 10 11 195 218 12
231 3 2 0 10 195 196 219 218
232 3 2 0 10 196 197 220 219
233 3 2 0 10 197 198 221 220
234 3 2 0 10 198 199 222 221
235 3 2 0 10 199 200 223 222
236 3 2 0 10 200 201 224 223
237 3 2 0 10 201 202 225 224
238 3 2 0 10 202 203 226 225
239 3 2 0 10 203 204 227 226
240 3 2 0 10 204 205 228 227
241 3 2 0 10 205 206 229 228
242 3 2 0 10 206 207 230 229
243 3 2 0 10 207 208 231 230
244 3 2 0 10 208 209 232 231
245 3 2 0 10 209 210 233 232
246 3 2 0 10 210 211 234 233
247 3 2 0 10 211 212 235 234
248 3 2 0 10 212 213 236 235
249 3 2 0 10 213 214 237 236
250 3 2 0 10 214 215 238 237
251 3 2 0 10 215 216 239 238
252 3 2 0 10 216 217 240 239
253 3 2 0 10 217 76 75 240
254 3 2 0 10 12 218 241 13
255 3 2 0 10 218 219 242 241
256 3 2 0 10 219 220 243 242
257 3 2 0 10 220 221 244 243
258 3 2 0 10 221 222 245 244
259 3 2 0 10 222 223 246 245
260 3 2 0 10 223 224 247 246
261 3 2 0 10 224 225 248 247
262 3 2 0 10 225 226 249 248
263 3 2 0 10 226 227 250 249
264 3 2 0 10 227 228 251 250
265 3 2 0 10 228 229 252 251
266 3 2 0 10 229 230 253 252
267 3 2 0 10 230 231 254 253
268 3 2 0 10 231 232 255 254
269 3 2 0 10 232 233 256 255
270 3 2 0 10 233 234 257 256
271 3 2 0 10 234 235 258 257
272 3 2 0 10 235 236 259 258
273 3 2 0 10 236 237 260 259
274 3 2 0 10 237 238 261 260
275 3 2 0 10 238 239 262 261
276 3 2 0 10 239 240 263 262
277 3 2 0 10 240 75 74 263
278 3 2 0 10 13 241 264 14
279 3 2 0 10 241 242 265 264
280 3 2 0 10 242 243 266 265
281 3 2 0 10 243 244 267 266
282 3 2 0 10 244 245 268 267
283 3 2 0 10 245 246 269 268
284 3 2 0 10 246 247 270 269
285 3 2 0 10 247 248 271 270
286 3 2 0 10 248 249 272 271
287 3 2 0 10 249 250 273 272
288 3 2 0 10 250 251 274 273
289 3 2 0 10 251 252 275 274
290 3 2 0 10 252 253 276 275
291 3 2 0 10 253 254 277 276
292 3 2 0 10 254 255 278 277
293 3 2 0 10 255 256 279 278
294 3 2 0 10 256 257 280 279
295 3 2 0 10 257 258 281 280
296 3 2 0 10 258 259 282 281
297 3 2 0 10 259 260 283 282
298 3 2 0 10 260 261 284 283
299 3 2 0 10 261 262 285 284
300 3 2 0 10 262 263 286 285
301 3 2 0 10 263 74 73 286
302 3 2 0 10 14 264 287 15
303 3 2 0 10 264 265 288 287
304 3 2 0 10 265 266 289 288
305 3 2 0 10 266 267 290 289
306 3 2 0 10 267 268 291 290
307 3 2 0 10 268 269 292 291
308 3 2 0 10 269 270 293 292
309 3 2 0 10 270 271 294 293
310 3 2 0 10 271 272 295 294
311 3 2 0 10 272 273 296 295
312 3 2 0 10 273 274 297 296
313 3 2 0 10 274 275 298 297
314 3 2 0 10 275 276 299 298
315 3 2 0 10 276 277 300 299
316 3 2 0 10 277 278 301 300
317 3 2 0 10 278 279 302 301
318 3 2 0 10 279 280 303 302
319 3 2 0 10 280 281 304 303
320 3 2 0 10 281 282 305 304
321 3 2 0 10 282 283 306 305
322 3 2 0 10 283 284 307 306
323 3 2 0 10 284 285 308 307
324 3 2 0 10 285 286 309 308
325 3 2 0 10 286 73 72 309
326 3 2 0 10 15 287 125 6
327 3 2 0 10 287 288 124 125
328 3 2 0 10 288 289 123 124
329 3 2 0 10 289 290 122 123
330 3 2 0 10 290 291 121 122
331 3 2 0 10 291 292 120 121
332 3 2 0 10 292 293 119 120
333 3 2 0 10 293 294 118 119
334 3 2 0 10 294 295 117 118
335 3 2 0 10 295 296 116 117
336 3 2 0 10 296 297 115 116
337 3 2 0 10 297 298 114 115
338 3 2 0 10 298 299 113 114
339 3 2 0 10 299 300 112 113
340 3 2 0 10 300 301 111 112
341 3 2 0 10 301 302 110 111
342 3 2 0 10 302 303 109 110
343 3 2 0 10 303 304 108 109
344 3 2 0 10 304 305 107 108
345 3 2 0 10 305 306 106 107
346 3 2 0 10 306 307 105 106
347 3 2 0 10 307 308 104 105
348 3 2 0 10 308 309 103 104
349 3 2 0 10 309 72 2 103
350 3 2 0 12 6 125 310 32
351 3 2 0 12 125 124 311 310
352 3 2 0 12 124 123 312 311
353 3 2 0 12 123 122 313 312
354 3 2 0 12 122 121 314 313
355 3 2 0 12 121 120 315 314
356 3 2 0 12 120 119 316 315
357 3 2 0 12 119 118 317 316
358 3 2 0 12 118 117 318 317
359 3 2 0 12 117 116 319 318
360 3 2 0 12 116 115 320 319
361 3 2 0 12 115 114 321 320
362 3 2 0 12 114 113 322 321
363 3 2 0 12 113 112 323 322
364 3 2 0 12 112 111 324 323
365 3 2 0 12 111 110 325 324
366 3 2 0 12 110 109 326 325
367 3 2 0 12 109 108 327 326
368 3 2 0 12 108 107 328 327
369 3 2 0 12 107 106 329 328
370 3 2 0 12 106 105 330 329
371 3 2 0 12 105 104 331 330
372 3 2 0 12 104 103 332 331
373 3 2 0 12 103 2 64 332
374 3 2 0 12 32 310 333 31
375 3 2 0 12 310 311 334 333
376 3 2 0 12 311 312 335 334
377 3 2 0 12 312 313 336 335
378 3 2 0 12 313 314 337 336
379 3 2 0 12 314 315 338 337
380 3 2 0 12 315 316 339 338
381 3 2 0 12 316 317 340 339
382 3 2 0 12 317 318 341 340
383 3 2 0 12 318 319 342 341
384 3 2 0 12 319 320 343 342
385 3 2 0 12 320 321 344 343
386 3 2 0 12 321 322 345 344
387 3 2 0 12 322 323 346 345
388 3 2 0 12 323 324 347 346
389 3 2 0 12 324 325 348 347
390 3 2 0 12 325 326 349 348
391 3 2 0 12 326 327 350 349
392 3 2 0 12 327 328 351 350
393 3 2 0 12 328 329 352 351
394 3 2 0 12 329 330 353 352
395 3 2 0 12 330 331 354 353
396 3 2 0 12 331 332 355 354
397 3 2 0 12 332 64 65 355
398 3 2 0 12 31 333 356 30
399 3 2 0 12 333 334 357 356
400 3 2 0 12 334 335 358 357
401 3 2 0 12 335 336 359 358
402 3 2 0 12 336 337 360 359
403 3 2 0 12 337 338 361 360
404 3 2 0 12 338 339 362 361
405 3 2 0 12 339 340 363 362
406 3 2 0 12 340 341 364 363
407 3 2 0 12 341 342 365 364
408 3 2 0 12 342 343 366 365
409 3 2 0 12 343 344 367 366
410 3 2 0 12 344 345 368 367
411 3 2 0 12 345 346 369 368
412 3 2 0 12 346 347 370 369
413 3 2 0 12 347 348 371 370
414 3 2 0 12 348 349 372 371
415 3 2 0 12 349 350 373 372
416 3 2 0 12 350 351 374 373
417 3 2 0 12 351 352 375 374
418 3 2 0 12 352 353 376 375
419 3 2 0 12 353 354 377 376
420 3 2 0 12 354 355 378 377
421 3 2 0 12 355 65 66 378
422 3 2 0 12 30 356 379 29
423 3 2 0 12 356 357 380 379
424 3 2 0 12 357 358 381 380
425 3 2 0 12 358 359 382 381
426 3 2 0 12 359 360 383 382
427 3 2 0 12 360 361 384 383
428 3 2 0 12 361 362 385 384
429 3 2 0 12 362 363 386 385
430 3 2 0 12 363 364 387 386
431 3 2 0 12 364 365 388 387
432 3 2 0 12 365 366 389 388
433 3 2 0 12 366 367 390 389
434 3 2 0 12 367 368 391 390
435 3 2 0 12 368 369 392 391
436 3 2 0 12 369 370 393 392
437 3 2 0 12 370 371 394 393
438 3 2 0 12 371 372 395 394
439 3 2 0 12 372 373 396 395
440 3 2 0 12 373 374 397 396
441 3 2 0 12 374 375 398 397
442 3 2 0 12 375 376 399 398
443 3 2 0 12 376 377 400 399
444 3 2 0 12 377 378 401 400
445 3 2 0 12 378 66 67 401
446 3 2 0 12 29 379 402 28
447 3 2 0 12 379 380 403 402
448 3 2 0 12 380 381 404 403
449 3 2 0 12 381 382 405 404
450 3 2 0 12 382 383 406 405
451 3 2 0 12 383 384 407 406
452 3 2 0 12 384 385 408 407
453 3 2 0 12 385 386 409 408
454 3 2 0 12 386 387 410 409
455 3 2 0 12 387 388 411 410
456 3 2 0 12 388 389 412 411
457 3 2 0 12 389 390 413 412
458 3 2 0 12 390 391 414 413
459 3 2 0 12 391 392 415 414
460 3 2 0 12 392 393 416 415
461 3 2 0 12 393 394 417 416
462 3 2 0 12 394 395 418 417
463 3 2 0 12 395 396 419 418
464 3 2 0 12 396 397 420 419
465 3 2 0 12 397 398 421 420
466 3 2 0 12 398 399 422 421
467 3 2 0 12 399 400 423 422
468 3 2 0 12 400 401 424 423
469 3 2 0 12 401 67 68 424
470 3 2 0 12 28 402 425 27
471 3 2 0 12 402 403 426 425
472 3 2 0 12 403 404 427 426
473 3 2 0 12 404 405 428 427
474 3 2 0 12 405 406 429 428
475 3 2 0 12 406 407 430 429
476 3 2 0 12 407 408 431 430
477 3 2 0 12 408 409 432 431
478 3 2 0 12 409 410 433 432
479 3 2 0 12 410 411 434 433
480 3 2 0 12 411 412 435 434
481 3 2 0 12 412 413 436 435
482 3 2 0 12 413 414 437 436
483 3 2 0 12 414 415 438 437
484 3 2 0 12 415 416 439 438
485 3 2 0 12 416 417 440 439
486 3 2 0 12 417 418 441 440
487 3 2 0 12 418 419 442 441
488 3 2 0 12 419 420 443 442
489 3 2 0 12 420 421 444 443
490 3 2 0 12 421 422 445 444
491 3 2 0 12 422 423 446 445
492 3 2 0 12 423 424 447 446
493 3 2 0 12 424 68 69 447
494 3 2 0 12 27 425 448 26
495 3 2 0 12 425 426 449 448
496 3 2 0 12 426 427 450 449
497 3 2 0 12 427 428 451 450
498 3 2 0 12 428 429 452 451
499 3 2 0 12 429 430 453 452
500 3 2 0 12 430 431 454 453
501 3 2 0 12 431 432 455 454
502 3 2 0 12 432 433 456 455
503 3 2 0 12 433 434 457 456
504 3 2 0 12 434 435 458 457
505 3 2 0 12 435 436 459 458
506 3 2 0 12 436 437 460 459
507 3 2 0 12 437 438 461 460
508 3 2 0 12 438 439 462 461
509 3 2 0 12 439 440 463 462
510 3 2 0 12 440 441 464 463
511 3 2 0 12 441 442 465 464
512 3 2 0 12 442 443 466 465
513 3 2 0 12 443 444 467 466
514 3 2 0 12 444 445 468 467
515 3 2 0 12 445 446 469 468
516 3 2 0 12 446 447 470 469
517 3 2 0 12 447 69 70 470
518 3 2 0 12 26 448 471 25
519 3 2 0 12 448 449 472 471
520 3 2 0 12 449 450 473 472
521 3 2 0 12 450 451 474 473
522 3 2 0 12 451 452 475 474
523 3 2 0 12 452 453 476 475
524 3 2 0 12 453 454 477 476
525 3 2 0 12 454 455 478 477
526 3 2 0 12 455 456 479 478
527 3 2 0 12 456 457 480 479
528 3 2 0 12 457 458 481 480
529 3 2 0 12 458 459 482 481
530 3 2 0 12 459 460 483 482
531 3 2 0 12 460 461 484 483
532 3 2 0 12 461 462 485 484
533 3 2 0 12 462 463 486 485
534 3 2 0 12 463 464 487 486
535 3 2 0 12 464 465 488 487
536 3 2 0 12 465 466 489 488
537 3 2 0 12 466 467 490 489
538 3 2 0 12 467 468 491 490
539 3 2 0 12 468 469 492 491
540 3 2 0 12 469 470 493 492
541 3 2 0 12 470 70 71 493
542 3 2 0 12 25 471 494 24
543 3 2 0 12 471 472 495 494
544 3 2 0 12 472 473 496 495
545 3 2 0 12 473 474 497 496
546 3 2 0 12 474 475 498 497
547 3 2 0 12 475 476 499 498
548 3 2 0 12 476 477 500 499
549 3 2 0 12 477 478 501 500
550 3 2 0 12 478 479 502 501
551 3 2 0 12 479 480 503 502
552 3 2 0 12 480 481 504 503
553 3 2 0 12 481 482 505 504
554 3 2 0 12 482 483 506 505
555 3 2 0 12 483 484 507 506
556 3 2 0 12 484 485 508 507
557 3 2 0 12 485 486 509 508
558 3 2 0 12 486 487 510 509
559 3 2 0 12 487 488 511 510
560 3 2 0 12 488 489 512 511
561 3 2 0 12 489 490 513 512
562 3 2 0 12 490 491 514 513
563 3 2 0 12 491 492 515 514
564 3 2 0 12 492 493 516 515
565 3 2 0 12 493 71 3 516
566 3 2 0 12 24 494 517 23
567 3 2 0 12 494 495 518 517
568 3 2 0 12 495 496 519 518
569 3 2 0 12 496 497 520 519
570 3 2 0 12 497 498 521 520
571 3 2 0 12 498 499 522 521
572 3 2 0 12 499 500 523 522
573 3 2 0 12 500 501 524 523
574 3 2 0 12 501 502 525 524
575 3 2 0 12 502 503 526 525
576 3 2 0 12 503 504 527 526
577 3 2 0 12 504 505 528 527
578 3 2 0 12 505 506 529 528
579 3 2 0 12 506 507 530 529
580 3 2 0 12 507 508 531 530
581 3 2 0 12 508 509 532 531
582 3 2 0 12 509 510 533 532
583 3 2 0 12 510 511 534 533
584 3 2 0 12 511 512 535 534
585 3 2 0 12 512 513 536 535
586 3 2 0 12 513 514 537 536
587 3 2 0 12 514 515 538 537
588 3 2 0 12 515 516 539 538
589 3 2 0 12 516 3 56 539
590 3 2 0 12 23 517 540 22
591 3 2 0 12 517 518 541 540
592 3 2 0 12 518 519 542 541
593 3 2 0 12 519 520 543 542
594 3 2 0 12 520 521 544 543
595 3 2 0 12 521 522 545 544
596 3 2 0 12 522 523 546 545
597 3 2 0 12 523 524 547 546
598 3 2 0 12 524 525 548 547
599 3 2 0 12 525 526 549 548
600 3 2 0 12 526 527 550 549
601 3 2 0 12 527 528 551 550
602 3 2 0 12 528 529 552 551
603 3 2 0 12 529 530 553 552
604 3 2 0 12 530 531 554 553
605 3 2 0 12 531 532 555 554
606 3 2 0 12 532 533 556 555
607 3 2 0 12 533 534 557 556
608 3 2 0 12 534 535 558 557
609 3 2 0 12 535 536 559 558
610 3 2 0 12 536 537 560 559
611 3 2 0 12 537 538 561 560
612 3 2 0 12 538 539 562 561
613 3 2 0 12 539 56 57 562
614 3 2 0 12 22 540 563 21
615 3 2 0 12 540 541 564 563
616 3 2 0 12 541 542 565 564
617 3 2 0 12 542 543 566 565
618 3 2 0 12 543 544 567 566
619 3 2 0 12 544 545 568 567
620 3 2 0 12 545 546 569 568
621 3 2 0 12 546 547 570 569
622 3 2 0 12 547 548 571 570
623 3 2 0 12 548 549 572 571
624 3 2 0 12 549 550 573 572
625 3 2 0 12 550 551 574 573
626 3 2 0 12 551 552 575 574
627 3 2 0 12 552 553 576 575
628 3 2 0 12 553 554 577 576
629 3 2 0 12 554 555 578 577
630 3 2 0 12 555 556 579 578
631 3 2 0 12 556 557 580 579
632 3 2 0 12 557 558 581 580
633 3 2 0 12 558 559 582 581
634 3 2 0 12 559 560 583 582
635 3 2 0 12 560 561 584 583
636 3 2 0 12 561 562 585 584
637 3 2 0 12 562 57 58 585
638 3 2 0 12 21 563 586 20
639 3 2 0 12 563 564 587 586
640 3 2 0 12 564 565 588 587
641 3 2 0 12 565 566 589 588
642 3 2 0 12 566 567 590 589
643 3 2 0 12 567 568 591 590
644 3 2 0 12 568 569 592 591
645 3 2 0 12 569 570 593 592
646 3 2 0 12 570 571 594 593
647 3 2 0 12 571 572 595 594
648 3 2 0 12 572 573 596 595
649 3 2 0 12 573 574 597 596
650 3 2 0 12 574 575 598 597
651 3 2 0 12 575 576 599 598
652 3 2 0 12 576 577 600 599
653 3 2 0 12 577 578 601 600
654 3 2 0 12 578 579 602 601
655 3 2 0 12 579 580 603 602
656 3 2 0 12 580 581 604 603
657 3 2 0 12 581 582 605 604
658 3 2 0 12 582 583 606 605
659 3 2 0 12 583 584 607 606
660 3 2 0 12 584 585 608 607
661 3 2 0 12 585 58 59 608
662 3 2 0 12 20 586 609 19
663 3 2 0 12 586 587 610 609
664 3 2 0 12 587 588 611 610
665 3 2 0 12 588 589 612 611
666 3 2 0 12 589 590 613 612
667 3 2 0 12 590 591 614 613
668 3 2 0 12 591 592 615 614
669 3 2 0 12 592 593 616 615
670 3 2 0 12 593 594 617 616
671 3 2 0 12 594 595 618 617
672 3 2 0 12 595 596 619 618
673 3 2 0 12 596 597 620 619
674 3 2 0 12 597 598 621 620
675 3 2 0 12 598 599 622 621
676 3 2 0 12 599 600 623 622
677 3 2 0 12 600 601 624 623
678 3 2 0 12 601 602 625 624
679 3 2 0 12 602 603 626 625
680 3 2 0 12 603 604 627 626
681 3 2 0 12 604 605 628 627
682 3 2 0 12 605 606 629 628
683 3 2 0 12 606 607 630 629
684 3 2 0 12 607 608 631 630
685 3 2 0 12 608 59 60 631
686 3 2 0 12 19 609 632 18
687 3 2 0 12 609 610 633 632
688 3 2 0 12 610 611 634 633
689 3 2 0 12 611 612 635 634
690 3 2 0 12 612 613 636 635
691 3 2 0 12 613 614 637 636
692 3 2 0 12 614 615 638 637
693 3 2 0 12 615 616 639 638
694 3 2 0 12 616 617 640 639
695 3 2 0 12 617 618 641 640
696 3 2 0 12 618 619 642 641
697 3 2 0 12 619 620 643 642
698 3 2 0 12 620 621 644 643
699 3 2 0 12 621 622 645 644
700 3 2 0 12 622 623 646 645
701 3 2 0 12 623 624 647 646
702 3 2 0 12 624 625 648 647
703 3 2 0 12 625 626 649 648
704 3 2 0 12 626 627 650 649
705 3 2 0 12 627 628 651 650
706 3 2 0 12 628 629 652 651
707 3 2 0 12 629 630 653 652
708 3 2 0 12 630 631 654 653
709 3 2 0 12 631 60 61 654
710 3 2 0 12 18 632 655 17
711 3 2 0 12 632 633 656 655
712 3 2 0 12 633 634 657 656
713 3 2 0 12 634 635 658 657
714 3 2 0 12 635 636 659 658
715 3 2 0 12 636 637 660 659
716 3 2 0 12 637 638 661 660
717 3 2 0 12 638 639 662 661
718 3 2 0 12 639 640 663 662
719 3 2 0 12 640 641 664 663
720 3 2 0 12 641 642 665 664
721 3 2 0 12 642 643 666 665
722 3 2 0 12 643 644 667 666
723 3 2 0 12 644 645 668 667
724 3 2 0 12 645 646 669 668
725 3 2 0 12 646 647 670 669
726 3 2 0 12 647 648 671 670
727 3 2 0 12 648 649 672 671
728 3 2 0 12 649 650 673 672
729 3 2 0 12 650 651 674 673
730 3 2 0 12 651 652 675 674
731 3 2 0 12 652 653 676 675
732 3 2 0 12 653 654 677 676
733 3 2 0 12 654 61 62 677
734 3 2 0 12 17 655 678 16
735 3 2 0 12 655 656 679 678
736 3 2 0 12 656 657 680 679
737 3 2 0 12 657 658 681 680
738 3 2 0 12 658 659 682 681
739 3 2 0 12 659 660 683 682
740 3 2 0 12 660 661 684 683
741 3 2 0 12 661 662 685 684
742 3 2 0 12 662 663 686 685
743 3 2 0 12 663 664 687 686
744 3 2 0 12 664 665 688 687
745 3 2 0 12 665 666 689 688
746 3 2 0 12 666 667 690 689
747 3 2 0 12 667 668 691 690
748 3 2 0 12 668 669 692 691
749 3 2 0 12 669 670 693 692
750 3 2 0 12 670 671 694 693
751 3 2 0 12 671 672 695 694
752 3 2 0 12 672 673 696 695
753 3 2 0 12 673 674 697 696
754 3 2 0 12 674 675 698 697
755 3 2 0 12 675 676 699 698
756 3 2 0 12 676 677 700 699
757 3 2 0 12 677 62 63 700
758 3 2 0 12 16 678 55 5
759 3 2 0 12 678 679 54 55
760 3 2 0 12 679 680 53 54
761 3 2 0 12 680 681 52 53
762 3 2 0 12 681 682 51 52
763 3 2 0 12 682 683 50 51
764 3 2 0 12 683 684 49 50
765 3 2 0 12 684 685 48 49
766 3 2 0 12 685 686 47 48
767 3 2 0 12 686 687 46 47
768 3 2 0 12 687 688 45 46
769 3 2 0 12 688 689 44 45
770 3 2 0 12 689 690 43 44
771 3 2 0 12 690 691 42 43
772 3 2 0 12 691 692 41 42
773 3 2 0 12 692 693 40 41
774 3 2 0 12 693 694 39 40
775 3 2 0 12 694 695 38 39
776 3 2 0 12 695 696 37 38
777 3 2 0 12 696 697 36 37
778 3 2 0 12 697 698 35 36
779 3 2 0 12 698 699 34 35
780 3 2 0 12 699 700 33 34
781 3 2 0 12 700 63 4 33
$EndElements
