1 0 0 0
2 0.25 0 0
3 0.75 0 0
4 1 0 0
5 1 0.125 0
6 0.25 0.25 0
7 0 0.25 0
8 0.02777777777772706 0.25 0
9 0.05555555555542857 0.25 0
10 0.08333333333312526 0.25 0
11 0.111111111110822 0.25 0
12 0.1388888888885958 0.25 0
13 0.1666666666664469 0.25 0
14 0.1944444444442979 0.25 0
15 0.222222222222149 0.25 0
16 0.9583333333338679 0.1319444444443554 0
17 0.9166666666672154 0.1388888888887974 0
18 0.8750000000009216 0.1458333333331797 0
19 0.8333333333342199 0.15277777777763 0
20 0.79166666666749 0.159722222222085 0
21 0.75000000000076 0.16666666666654 0
22 0.70833333333403 0.173611111110995 0
23 0.6666666666673 0.18055555555545 0
24 0.62500000000057 0.187499999999905 0
25 0.58333333333384 0.19444444444436 0
26 0.5416666666671099 0.201388888888815 0
27 0.5000000000003799 0.20833333333327 0
28 0.4583333333336499 0.215277777777725 0
29 0.4166666666669201 0.22222222222218 0
30 0.37500000000019 0.229166666666635 0
31 0.3333333333334601 0.23611111111109 0
32 0.29166666666673 0.243055555555545 0
33 1 0.005208333333323077 0
34 1 0.01041666666664662 0
35 1 0.01562499999997164 0
36 1 0.02083333333329011 0
37 1 0.02604166666660824 0
38 1 0.03124999999992636 0
39 1 0.0364583333332445 0
40 1 0.04166666666656263 0
41 1 0.04687499999988076 0
42 1 0.05208333333319889 0
43 1 0.05729166666651702 0
44 1 0.06249999999983651 0
45 1 0.06770833333318221 0
46 1 0.0729166666665293 0
47 1 0.07812499999987636 0
48 1 0.08333333333322343 0
49 1 0.0885416666665705 0
50 1 0.09374999999991757 0
51 1 0.09895833333326465 0
52 1 0.1041666666666117 0
53 1 0.1093749999999588 0
54 1 0.1145833333333059 0
55 1 0.1197916666666529 0
56 0.7777777777777778 0 0
57 0.8055555555555556 0 0
58 0.8333333333333334 0 0
59 0.8611111111111112 0 0
60 0.8888888888888888 0 0
61 0.9166666666666666 0 0
62 0.9444444444444444 0 0
63 0.9722222222222222 0 0
64 0.3055555555560954 0 0
65 0.361111111111651 0 0
66 0.4166666666671296 0 0
67 0.4722222222226084 0 0
68 0.5277777777780868 0 0
69 0.5833333333335651 0 0
70 0.6388888888890434 0 0
71 0.6944444444445217 0 0
72 0.2222222222221066 0 0
73 0.194444444444483 0 0
74 0.1666666666668979 0 0
75 0.1388888888893128 0 0
76 0.1111111111115736 0 0
77 0.08333333333368018 0 0
78 0.05555555555578678 0 0
79 0.02777777777789339 0 0
80 0 0.23958333333329 0
81 0 0.2291666666665799 0
82 0 0.2187499999998753 0
83 0 0.2083333333332755 0
84 0 0.1979166666666811 0
85 0 0.1875000000000868 0
86 0 0.1770833333334924 0
87 0 0.1666666666668979 0
88 0 0.1562500000003035 0
89 0 0.1458333333337091 0
90 0 0.1354166666671147 0
91 0 0.1250000000005149 0
92 0 0.1145833333338102 0
93 0 0.1041666666671003 0
94 0 0.09375000000039022 0
95 0 0.08333333333368018 0
96 0 0.07291666666697017 0
97 0 0.06250000000026013 0
98 0 0.05208333333355011 0
99 0 0.0416666666668401 0
100 0 0.03125000000013006 0
101 0 0.02083333333342005 0
102 0 0.01041666666671004 0
103 0.25 0.01041666666664615 0
104 0.25 0.02083333333329325 0
105 0.25 0.03124999999994328 0
106 0.25 0.04166666666658022 0
107 0.25 0.05208333333321648 0
108 0.25 0.06249999999985273 0
109 0.25 0.07291666666648899 0
110 0.25 0.08333333333312526 0
111 0.25 0.09374999999976151 0
112 0.25 0.1041666666663978 0
113 0.25 0.114583333333034 0
114 0.25 0.124999999999673 0
115 0.25 0.1354166666663644 0
116 0.25 0.1458333333330586 0
117 0.25 0.1562499999997527 0
118 0.25 0.1666666666664469 0
119 0.25 0.177083333333141 0
120 0.25 0.1874999999998351 0
121 0.25 0.1979166666665293 0
122 0.25 0.2083333333332234 0
123 0.25 0.2187499999999176 0
124 0.25 0.2291666666666117 0
125 0.25 0.2395833333333058 0
126 0.02777777777773399 0.2395833333332917 0
127 0.02777777777774092 0.2291666666665835 0
128 0.02777777777774785 0.21874999999988 0
129 0.02777777777775478 0.2083333333332696 0
130 0.02777777777776171 0.1979166666666642 0
131 0.02777777777776864 0.1875000000000588 0
132 0.02777777777777556 0.1770833333334533 0
133 0.0277777777777825 0.1666666666668478 0
134 0.02777777777778943 0.1562500000002423 0
135 0.02777777777779636 0.1458333333336368 0
136 0.02777777777780329 0.1354166666670313 0
137 0.02777777777781023 0.1250000000004214 0
138 0.02777777777781716 0.114583333333724 0
139 0.02777777777782408 0.1041666666670222 0
140 0.02777777777783102 0.09375000000032036 0
141 0.02777777777783794 0.08333333333361853 0
142 0.02777777777784488 0.07291666666691671 0
143 0.0277777777778518 0.06250000000021486 0
144 0.02777777777785874 0.05208333333351303 0
145 0.02777777777786568 0.04166666666681122 0
146 0.0277777777778726 0.0312500000001093 0
147 0.02777777777787953 0.02083333333340597 0
148 0.02777777777788646 0.01041666666670294 0
149 0.0555555555554435 0.2395833333332935 0
150 0.05555555555545842 0.229166666666587 0
151 0.05555555555547334 0.2187499999998847 0
152 0.05555555555548827 0.2083333333332639 0
153 0.05555555555550319 0.1979166666666474 0
154 0.05555555555551812 0.1875000000000309 0
155 0.05555555555553304 0.1770833333334143 0
156 0.05555555555554798 0.1666666666667977 0
157 0.05555555555556289 0.1562500000001811 0
158 0.05555555555557781 0.1458333333335645 0
159 0.05555555555559275 0.135416666666948 0
160 0.05555555555560768 0.1250000000003278 0
161 0.05555555555562261 0.1145833333336377 0
162 0.05555555555563752 0.1041666666669441 0
163 0.05555555555565245 0.09375000000025052 0
164 0.05555555555566738 0.08333333333355686 0
165 0.05555555555568231 0.07291666666686325 0
166 0.05555555555569723 0.06250000000016959 0
167 0.05555555555571216 0.05208333333347598 0
168 0.05555555555572708 0.04166666666678236 0
169 0.05555555555574201 0.03125000000008855 0
170 0.05555555555575693 0.02083333333339187 0
171 0.05555555555577185 0.01041666666669584 0
172 0.08333333333314838 0.2395833333332952 0
173 0.0833333333331715 0.2291666666665906 0
174 0.08333333333319462 0.2187499999998894 0
175 0.08333333333321774 0.2083333333332581 0
176 0.08333333333324086 0.1979166666666306 0
177 0.08333333333326401 0.1875000000000029 0
178 0.08333333333328713 0.1770833333333752 0
179 0.08333333333331025 0.1666666666667476 0
180 0.08333333333333337 0.1562500000001199 0
181 0.08333333333335649 0.1458333333334922 0
182 0.08333333333337958 0.1354166666668646 0
183 0.0833333333334027 0.1250000000002343 0
184 0.08333333333342585 0.1145833333335515 0
185 0.08333333333344897 0.1041666666668661 0
186 0.08333333333347209 0.09375000000018063 0
187 0.08333333333349521 0.08333333333349521 0
188 0.08333333333351833 0.07291666666680977 0
189 0.08333333333354145 0.06250000000012433 0
190 0.08333333333356457 0.0520833333334389 0
191 0.0833333333335877 0.04166666666675348 0
192 0.08333333333361082 0.03125000000006781 0
193 0.08333333333363394 0.02083333333337778 0
194 0.08333333333365706 0.01041666666668874 0
195 0.1111111111108533 0.2395833333332971 0
196 0.1111111111108846 0.2291666666665941 0
197 0.1111111111109159 0.2187499999998941 0
198 0.1111111111109472 0.2083333333332523 0
199 0.1111111111109786 0.1979166666666137 0
200 0.1111111111110099 0.1874999999999749 0
201 0.1111111111110412 0.1770833333333362 0
202 0.1111111111110725 0.1666666666666975 0
203 0.1111111111111038 0.1562500000000587 0
204 0.1111111111111351 0.14583333333342 0
205 0.1111111111111664 0.1354166666667813 0
206 0.1111111111111978 0.1250000000001407 0
207 0.1111111111112291 0.1145833333334653 0
208 0.1111111111112604 0.104166666666788 0
209 0.1111111111112917 0.0937500000001108 0
210 0.111111111111323 0.08333333333343357 0
211 0.1111111111113544 0.07291666666675631 0
212 0.1111111111113857 0.06250000000007906 0
213 0.111111111111417 0.05208333333340183 0
214 0.1111111111114483 0.0416666666667246 0
215 0.1111111111114796 0.03125000000004705 0
216 0.1111111111115109 0.02083333333336369 0
217 0.1111111111115423 0.01041666666668165 0
218 0.1388888888886257 0.2395833333332988 0
219 0.1388888888886556 0.2291666666665975 0
220 0.1388888888886855 0.2187499999998988 0
221 0.1388888888887153 0.2083333333332466 0
222 0.1388888888887452 0.1979166666665968 0
223 0.1388888888887751 0.187499999999947 0
224 0.138888888888805 0.1770833333332972 0
225 0.1388888888888349 0.1666666666666474 0
226 0.1388888888888647 0.1562499999999975 0
227 0.1388888888888946 0.1458333333333477 0
228 0.1388888888889245 0.1354166666666979 0
229 0.1388888888889544 0.1250000000000472 0
230 0.1388888888889842 0.114583333333379 0
231 0.1388888888890141 0.10416666666671 0
232 0.138888888889044 0.09375000000004094 0
233 0.1388888888890738 0.0833333333333719 0
234 0.1388888888891037 0.07291666666670285 0
235 0.1388888888891336 0.06250000000003379 0
236 0.1388888888891634 0.05208333333336476 0
237 0.1388888888891934 0.04166666666669572 0
238 0.1388888888892232 0.0312500000000263 0
239 0.1388888888892531 0.02083333333334961 0
240 0.1388888888892829 0.01041666666667455 0
241 0.1666666666664656 0.2395833333333006 0
242 0.1666666666664844 0.2291666666666011 0
243 0.1666666666665033 0.2187499999999035 0
244 0.166666666666522 0.2083333333332408 0
245 0.1666666666665408 0.1979166666665799 0
246 0.1666666666665596 0.187499999999919 0
247 0.1666666666665784 0.1770833333332581 0
248 0.1666666666665972 0.1666666666665972 0
249 0.166666666666616 0.1562499999999363 0
250 0.1666666666666348 0.1458333333332754 0
251 0.1666666666666536 0.1354166666666146 0
252 0.1666666666666724 0.1249999999999536 0
253 0.1666666666666912 0.1145833333332928 0
254 0.16666666666671 0.1041666666666319 0
255 0.1666666666667288 0.09374999999997108 0
256 0.1666666666667476 0.08333333333331022 0
257 0.1666666666667664 0.07291666666664937 0
258 0.1666666666667852 0.06249999999998854 0
259 0.166666666666804 0.05208333333332768 0
260 0.1666666666668228 0.04166666666666685 0
261 0.1666666666668416 0.03125000000000554 0
262 0.1666666666668604 0.02083333333333551 0
263 0.1666666666668792 0.01041666666666745 0
264 0.1944444444443056 0.2395833333333023 0
265 0.1944444444443133 0.2291666666666047 0
266 0.194444444444321 0.2187499999999082 0
267 0.1944444444443288 0.2083333333332351 0
268 0.1944444444443365 0.1979166666665631 0
269 0.1944444444443442 0.1874999999998911 0
270 0.1944444444443519 0.1770833333332191 0
271 0.1944444444443596 0.1666666666665471 0
272 0.1944444444443673 0.1562499999998751 0
273 0.194444444444375 0.1458333333332031 0
274 0.1944444444443828 0.1354166666665312 0
275 0.1944444444443904 0.1249999999998601 0
276 0.1944444444443982 0.1145833333332065 0
277 0.1944444444444059 0.1041666666665539 0
278 0.1944444444444136 0.09374999999990125 0
279 0.1944444444444213 0.08333333333324858 0
280 0.194444444444429 0.07291666666659591 0
281 0.1944444444444367 0.06249999999994327 0
282 0.1944444444444444 0.05208333333329063 0
283 0.1944444444444522 0.04166666666663797 0
284 0.1944444444444598 0.03124999999998479 0
285 0.1944444444444676 0.02083333333332142 0
286 0.1944444444444753 0.01041666666666035 0
287 0.2222222222221472 0.2395833333333041 0
288 0.2222222222221454 0.2291666666666082 0
289 0.2222222222221436 0.2187499999999129 0
290 0.2222222222221419 0.2083333333332292 0
291 0.2222222222221401 0.1979166666665462 0
292 0.2222222222221384 0.1874999999998631 0
293 0.2222222222221366 0.17708333333318 0
294 0.2222222222221348 0.166666666666497 0
295 0.222222222222133 0.156249999999814 0
296 0.2222222222221313 0.1458333333331309 0
297 0.2222222222221295 0.1354166666664478 0
298 0.2222222222221278 0.1249999999997666 0
299 0.222222222222126 0.1145833333331203 0
300 0.2222222222221242 0.1041666666664758 0
301 0.2222222222221225 0.09374999999983136 0
302 0.2222222222221207 0.08333333333318693 0
303 0.222222222222119 0.07291666666654245 0
304 0.2222222222221172 0.062499999999898 0
305 0.2222222222221154 0.05208333333325355 0
306 0.2222222222221136 0.04166666666660909 0
307 0.2222222222221118 0.03124999999996403 0
308 0.2222222222221101 0.02083333333330734 0
309 0.2222222222221083 0.01041666666665325 0
310 0.2922453703704551 0.2329282407407039 0
311 0.2928240740741802 0.2228009259258628 0
312 0.2934027777779053 0.2126736111110217 0
313 0.2939814814816303 0.2025462962961806 0
314 0.2945601851853554 0.1924189814813396 0
315 0.2951388888890806 0.1822916666664985 0
316 0.2957175925928056 0.1721643518516574 0
317 0.2962962962965308 0.1620370370368163 0
318 0.2968750000002558 0.1519097222219752 0
319 0.2974537037039808 0.1417824074071341 0
320 0.2980324074077059 0.131655092592293 0
321 0.2986111111114309 0.1215277777774546 0
322 0.2991898148151528 0.1114004629626672 0
323 0.2997685185188748 0.1012731481478823 0
324 0.3003472222225966 0.09114583333309749 0
325 0.3009259259263185 0.0810185185183127 0
326 0.3015046296300403 0.07089120370352789 0
327 0.3020833333337623 0.06076388888874307 0
328 0.3026620370374841 0.05063657407395826 0
329 0.3032407407412059 0.04050925925917345 0
330 0.3038194444449278 0.03038194444438798 0
331 0.3043981481486505 0.02025462962958978 0
332 0.304976851852373 0.01012731481479443 0
333 0.3344907407408876 0.226273148148102 0
334 0.3356481481483155 0.2164351851851139 0
335 0.3368055555557431 0.2065972222221259 0
336 0.3379629629631707 0.1967592592591378 0
337 0.3391203703705985 0.1869212962961499 0
338 0.3402777777780262 0.1770833333331618 0
339 0.3414351851854538 0.1672453703701738 0
340 0.3425925925928814 0.1574074074071857 0
341 0.3437500000003091 0.1475694444441978 0
342 0.3449074074077367 0.1377314814812097 0
343 0.3460648148151644 0.1278935185182216 0
344 0.3472222222225918 0.1180555555552362 0
345 0.3483796296300135 0.1082175925923003 0
346 0.3495370370374347 0.09837962962936689 0
347 0.3506944444448559 0.08854166666643351 0
348 0.3518518518522771 0.07870370370350018 0
349 0.3530092592596983 0.0688657407405668 0
350 0.3541666666671196 0.05902777777763341 0
351 0.3553240740745409 0.04918981481470005 0
352 0.3564814814819621 0.03935185185176669 0
353 0.3576388888893833 0.02951388888883268 0
354 0.3587962962968061 0.01967592592588631 0
355 0.3599537037042286 0.009837962962942712 0
356 0.376736111111317 0.2196180555555 0
357 0.3784722222224441 0.210069444444365 0
358 0.380208333333571 0.2005208333332301 0
359 0.3819444444446982 0.1909722222220951 0
360 0.3836805555558253 0.1814236111109601 0
361 0.3854166666669522 0.1718749999998251 0
362 0.3871527777780793 0.1623263888886902 0
363 0.3888888888892065 0.1527777777775552 0
364 0.3906250000003336 0.1432291666664202 0
365 0.3923611111114605 0.1336805555552852 0
366 0.3940972222225877 0.1241319444441502 0
367 0.3958333333337141 0.1145833333330178 0
368 0.3975694444448322 0.1050347222219333 0
369 0.3993055555559495 0.09548611111085141 0
370 0.401041666667067 0.0859374999997695 0
371 0.4027777777781844 0.0763888888886876 0
372 0.4045138888893017 0.06684027777760568 0
373 0.4062500000004192 0.05729166666652375 0
374 0.4079861111115367 0.04774305555544184 0
375 0.4097222222226541 0.03819444444435993 0
376 0.4114583333337717 0.02864583333327738 0
377 0.4131944444448913 0.01909722222218284 0
378 0.4149305555560106 0.009548611111090986 0
379 0.4189814814817465 0.212962962962898 0
380 0.421296296296573 0.2037037037036161 0
381 0.4236111111113994 0.1944444444443343 0
382 0.4259259259262258 0.1851851851850523 0
383 0.4282407407410522 0.1759259259257704 0
384 0.4305555555558787 0.1666666666664884 0
385 0.4328703703707053 0.1574074074072065 0
386 0.4351851851855317 0.1481481481479246 0
387 0.4375000000003582 0.1388888888886427 0
388 0.4398148148151846 0.1296296296293608 0
389 0.4421296296300111 0.1203703703700788 0
390 0.4444444444448368 0.1111111111107993 0
391 0.446759259259651 0.1018518518515665 0
392 0.4490740740744645 0.09259259259233599 0
393 0.4513888888892783 0.08333333333310554 0
394 0.4537037037040919 0.07407407407387505 0
395 0.4560185185189054 0.06481481481464459 0
396 0.458333333333719 0.05555555555541408 0
397 0.4606481481485326 0.04629629629618363 0
398 0.4629629629633462 0.03703703703695315 0
399 0.4652777777781599 0.02777777777772209 0
400 0.4675925925929766 0.01851851851847937 0
401 0.4699074074077926 0.009259259259239268 0
402 0.4612268518521757 0.2063078703702961 0
403 0.4641203703707015 0.1973379629628673 0
404 0.4670138888892275 0.1883680555554384 0
405 0.4699074074077532 0.1793981481480095 0
406 0.4728009259262791 0.1704282407405807 0
407 0.4756944444448049 0.1614583333331518 0
408 0.4785879629633307 0.1524884259257229 0
409 0.4814814814818565 0.1435185185182941 0
410 0.4843750000003824 0.1345486111108652 0
411 0.4872685185189083 0.1255787037034363 0
412 0.4901620370374341 0.1166087962960075 0
413 0.4930555555559592 0.1076388888885809 0
414 0.4959490740744696 0.09866898148119958 0
415 0.4988425925929794 0.08969907407382054 0
416 0.5017361111114891 0.08072916666644148 0
417 0.5046296296299989 0.07175925925906247 0
418 0.5075231481485087 0.06278935185168347 0
419 0.5104166666670185 0.05381944444430443 0
420 0.5133101851855282 0.04484953703692543 0
421 0.516203703704038 0.03587962962954639 0
422 0.5190972222225478 0.02690972222216678 0
423 0.5219907407410616 0.01793981481477589 0
424 0.5248842592595743 0.008969907407387545 0
425 0.503472222222605 0.1996527777776942 0
426 0.5069444444448303 0.1909722222221184 0
427 0.5104166666670555 0.1822916666665426 0
428 0.5138888888892806 0.1736111111109668 0
429 0.5173611111115058 0.1649305555553909 0
430 0.5208333333337311 0.1562499999998151 0
431 0.5243055555559563 0.1475694444442393 0
432 0.5277777777781816 0.1388888888886635 0
433 0.5312500000004068 0.1302083333330877 0
434 0.5347222222226319 0.1215277777775119 0
435 0.5381944444448572 0.1128472222219361 0
436 0.5416666666670814 0.1041666666663625 0
437 0.5451388888892883 0.09548611111083269 0
438 0.5486111111114942 0.08680555555530506 0
439 0.5520833333337001 0.0781249999997775 0
440 0.555555555555906 0.06944444444424994 0
441 0.5590277777781118 0.06076388888872236 0
442 0.5625000000003176 0.05208333333319477 0
443 0.5659722222225239 0.0434027777776672 0
444 0.5694444444447298 0.03472222222213964 0
445 0.5729166666669359 0.02604166666661148 0
446 0.5763888888891461 0.01736111111107243 0
447 0.5798611111113561 0.00868055555553582 0
448 0.5457175925930347 0.1929976851850923 0
449 0.5497685185189591 0.1846064814813695 0
450 0.5538194444448836 0.1762152777776467 0
451 0.5578703703708082 0.1678240740739239 0
452 0.5619212962967327 0.1594328703702012 0
453 0.5659722222226572 0.1510416666664785 0
454 0.5700231481485819 0.1426504629627557 0
455 0.5740740740745067 0.134259259259033 0
456 0.5781250000004312 0.1258680555553102 0
457 0.5821759259263557 0.1174768518515874 0
458 0.5862268518522803 0.1090856481478647 0
459 0.5902777777782037 0.1006944444441441 0
460 0.594328703704107 0.09230324074046577 0
461 0.598379629630009 0.08391203703678965 0
462 0.6024305555559111 0.07552083333311352 0
463 0.606481481481813 0.06712962962943739 0
464 0.6105324074077151 0.05873842592576126 0
465 0.6145833333336174 0.05034722222208512 0
466 0.6186342592595192 0.04195601851840899 0
467 0.6226851851854215 0.03356481481473286 0
468 0.6267361111113237 0.02517361111105619 0
469 0.6307870370372313 0.01678240740736896 0
470 0.6348379629631376 0.008391203703684099 0
471 0.5879629629634638 0.1863425925924903 0
472 0.5925925925930877 0.1782407407406206 0
473 0.5972222222227119 0.1701388888887509 0
474 0.6018518518523357 0.1620370370368812 0
475 0.6064814814819599 0.1539351851850115 0
476 0.6111111111115836 0.1458333333331418 0
477 0.6157407407412077 0.1377314814812721 0
478 0.6203703703708315 0.1296296296294024 0
479 0.6250000000004554 0.1215277777775327 0
480 0.6296296296300794 0.113425925925663 0
481 0.6342592592597033 0.1053240740737933 0
482 0.6388888888893259 0.09722222222192567 0
483 0.6435185185189256 0.08912037037009886 0
484 0.6481481481485237 0.08101851851827417 0
485 0.652777777778122 0.07291666666644948 0
486 0.6574074074077202 0.06481481481462482 0
487 0.6620370370373184 0.05671296296280014 0
488 0.6666666666669167 0.04861111111097545 0
489 0.6712962962965149 0.04050925925915078 0
490 0.6759259259261131 0.0324074074073261 0
491 0.6805555555557117 0.02430555555550089 0
492 0.6851851851853159 0.01620370370366549 0
493 0.689814814814919 0.008101851851832379 0
494 0.6302083333338933 0.1796874999998884 0
495 0.6354166666672168 0.1718749999998717 0
496 0.64062500000054 0.1640624999998551 0
497 0.6458333333338633 0.1562499999998384 0
498 0.6510416666671866 0.1484374999998218 0
499 0.6562500000005099 0.1406249999998051 0
500 0.6614583333338332 0.1328124999997885 0
501 0.6666666666671565 0.1249999999997718 0
502 0.6718750000004797 0.1171874999997552 0
503 0.677083333333803 0.1093749999997385 0
504 0.6822916666671264 0.1015624999997219 0
505 0.6875000000004484 0.09374999999970726 0
506 0.6927083333337439 0.08593749999973199 0
507 0.6979166666670387 0.07812499999975875 0
508 0.7031250000003328 0.07031249999978552 0
509 0.7083333333336271 0.06249999999981228 0
510 0.7135416666669215 0.05468749999983905 0
511 0.7187500000002159 0.04687499999986581 0
512 0.7239583333335103 0.03906249999989256 0
513 0.7291666666668049 0.03124999999991933 0
514 0.7343750000000996 0.02343749999994559 0
515 0.739583333333401 0.01562499999996202 0
516 0.7447916666667005 0.007812499999980658 0
517 0.6712962962969155 0.1730324074072864 0
518 0.675925925926531 0.1655092592591228 0
519 0.6805555555561463 0.1579861111109593 0
520 0.685185185185762 0.1504629629627956 0
521 0.6898148148153772 0.142939814814632 0
522 0.6944444444449927 0.1354166666664684 0
523 0.6990740740746083 0.1278935185183048 0
524 0.7037037037042235 0.1203703703701413 0
525 0.708333333333839 0.1128472222219777 0
526 0.7129629629634545 0.1053240740738141 0
527 0.7175925925930698 0.09780092592565046 0
528 0.7222222222226843 0.09027777777748883 0
529 0.7268518518522753 0.08275462962936507 0
530 0.7314814814818649 0.07523148148124331 0
531 0.7361111111114547 0.06770833333312151 0
532 0.7407407407410445 0.06018518518499973 0
533 0.7453703703706341 0.05266203703687793 0
534 0.7500000000002239 0.04513888888875615 0
535 0.7546296296298135 0.03761574074063437 0
536 0.7592592592594031 0.03009259259251256 0
537 0.7638888888889933 0.02256944444439028 0
538 0.7685185185185891 0.01504629629625855 0
539 0.7731481481481836 0.007523148148128934 0
540 0.7123842592599375 0.1663773148146844 0
541 0.7164351851858452 0.1591435185183739 0
542 0.7204861111117529 0.1519097222220634 0
543 0.7245370370376603 0.1446759259257529 0
544 0.7285879629635681 0.1374421296294423 0
545 0.7326388888894756 0.1302083333331318 0
546 0.7366898148153832 0.1229745370368212 0
547 0.7407407407412908 0.1157407407405107 0
548 0.7447916666671982 0.1085069444442001 0
549 0.7488425925931059 0.1012731481478896 0
550 0.7528935185190135 0.09403935185157908 0
551 0.7569444444449199 0.08680555555527042 0
552 0.7609953703708059 0.0795717592589982 0
553 0.7650462962966912 0.07233796296272785 0
554 0.7690972222225765 0.06510416666645751 0
555 0.7731481481484612 0.05787037037018716 0
556 0.7771990740743463 0.05063657407391682 0
557 0.7812500000002315 0.04340277777764649 0
558 0.7853009259261167 0.03616898148137614 0
559 0.7893518518520016 0.02893518518510581 0
560 0.793402777777887 0.02170138888883499 0
561 0.7974537037037774 0.01446759259255508 0
562 0.8015046296296667 0.007233796296277214 0
563 0.7534722222229597 0.1597222222220825 0
564 0.7569444444451594 0.152777777777625 0
565 0.7604166666673591 0.1458333333331676 0
566 0.7638888888895588 0.13888888888871 0
567 0.7673611111117585 0.1319444444442526 0
568 0.7708333333339581 0.1249999999997951 0
569 0.7743055555561578 0.1180555555553376 0
570 0.7777777777783577 0.1111111111108801 0
571 0.7812500000005573 0.1041666666664227 0
572 0.7847222222227573 0.09722222222196517 0
573 0.7881944444449569 0.09027777777750767 0
574 0.7916666666671557 0.08333333333305201 0
575 0.7951388888893369 0.0763888888886313 0
576 0.7986111111115173 0.06944444444421241 0
577 0.802083333333698 0.06249999999979351 0
578 0.8055555555558785 0.05555555555537461 0
579 0.8090277777780588 0.04861111111095572 0
580 0.8125000000002391 0.04166666666653682 0
581 0.8159722222224195 0.03472222222211795 0
582 0.8194444444445999 0.02777777777769903 0
583 0.8229166666667807 0.02083333333327969 0
584 0.8263888888889657 0.01388888888885161 0
585 0.8298611111111496 0.006944444444425491 0
586 0.7945601851859817 0.1530671296294806 0
587 0.7974537037044737 0.1464120370368761 0
588 0.8003472222229654 0.1397569444442717 0
589 0.8032407407414571 0.1331018518516673 0
590 0.8061342592599491 0.1264467592590629 0
591 0.809027777778441 0.1197916666664584 0
592 0.811921296296933 0.113136574073854 0
593 0.8148148148154247 0.1064814814812496 0
594 0.8177083333339165 0.09982638888864515 0
595 0.8206018518524084 0.09317129629604075 0
596 0.8234953703709004 0.08651620370343628 0
597 0.8263888888893914 0.07986111111083362 0
598 0.8292824074078679 0.07320601851826442 0
599 0.8321759259263438 0.06655092592569697 0
600 0.8350694444448193 0.05989583333312951 0
601 0.8379629629632953 0.05324074074056207 0
602 0.8408564814817708 0.04658564814799461 0
603 0.8437500000002468 0.03993055555542716 0
604 0.8466435185187226 0.03327546296285972 0
605 0.8495370370371982 0.02662037037029227 0
606 0.8524305555556743 0.01996527777772439 0
607 0.8553240740741538 0.01331018518514814 0
608 0.8582175925926326 0.00665509259257377 0
609 0.8356481481490041 0.1464120370368786 0
610 0.8379629629637879 0.1400462962961273 0
611 0.8402777777785717 0.1336805555553759 0
612 0.8425925925933557 0.1273148148146245 0
613 0.8449074074081397 0.1209490740738732 0
614 0.847222222222924 0.1145833333331218 0
615 0.8495370370377079 0.1082175925923704 0
616 0.8518518518524918 0.101851851851619 0
617 0.8541666666672756 0.09548611111086766 0
618 0.8564814814820596 0.08912037037011628 0
619 0.8587962962968438 0.08275462962936489 0
620 0.861111111111627 0.07638888888861518 0
621 0.8634259259263986 0.07002314814789754 0
622 0.8657407407411699 0.06365740740718152 0
623 0.8680555555559408 0.0572916666664655 0
624 0.8703703703707122 0.05092592592574952 0
625 0.8726851851854831 0.04456018518503351 0
626 0.8750000000002545 0.03819444444431751 0
627 0.8773148148150255 0.03182870370360152 0
628 0.8796296296297965 0.02546296296288551 0
629 0.8819444444445677 0.01909722222216909 0
630 0.8842592592593421 0.01273148148144467 0
631 0.8865740740741156 0.006365740740722048 0
632 0.8767361111119989 0.1397569444442812 0
633 0.8784722222230762 0.1336805555553827 0
634 0.8802083333341535 0.1276041666664842 0
635 0.8819444444452308 0.1215277777775857 0
636 0.8836805555563079 0.1154513888886872 0
637 0.8854166666673852 0.1093749999997886 0
638 0.8871527777784627 0.1032986111108901 0
639 0.8888888888895398 0.09722222222199159 0
640 0.8906250000006171 0.09114583333309309 0
641 0.8923611111116946 0.08506944444419456 0
642 0.8940972222227718 0.07899305555529605 0
643 0.8958333333338487 0.07291666666639912 0
644 0.8975694444449166 0.06684027777753279 0
645 0.8993055555559842 0.06076388888866804 0
646 0.9010416666670519 0.05468749999980328 0
647 0.9027777777781195 0.04861111111093854 0
648 0.9045138888891872 0.04253472222207377 0
649 0.9062500000002549 0.03645833333320903 0
650 0.9079861111113228 0.03038194444434429 0
651 0.9097222222223903 0.02430555555547953 0
652 0.9114583333334579 0.01822916666661438 0
653 0.913194444444528 0.01215277777774159 0
654 0.9149305555555973 0.006076388888870524 0
655 0.917824074074603 0.133101851851749 0
656 0.9189814814819907 0.1273148148147004 0
657 0.9201388888893779 0.121527777777652 0
658 0.9212962962967659 0.1157407407406035 0
659 0.9224537037041534 0.109953703703555 0
660 0.923611111111541 0.1041666666665065 0
661 0.9247685185189287 0.09837962962945798 0
662 0.9259259259263162 0.09259259259240951 0
663 0.9270833333337039 0.08680555555536101 0
664 0.9282407407410913 0.08101851851831256 0
665 0.929398148148479 0.07523148148126403 0
666 0.9305555555558662 0.06944444444421705 0
667 0.9317129629632479 0.06365740740719922 0
668 0.9328703703706288 0.05787037037018289 0
669 0.9340277777780099 0.05208333333316654 0
670 0.9351851851853911 0.04629629629615022 0
671 0.9363425925927724 0.04050925925913388 0
672 0.9375000000001537 0.03472222222211755 0
673 0.9386574074075345 0.02893518518510121 0
674 0.9398148148149156 0.02314814814808488 0
675 0.9409722222222968 0.01736111111106817 0
676 0.9421296296296799 0.01157407407404418 0
677 0.9432870370370621 0.005787037037021831 0
678 0.9589120370375507 0.1264467592591594 0
679 0.9594907407412336 0.1209490740739634 0
680 0.9600694444449167 0.1154513888887674 0
681 0.9606481481485999 0.1099537037035714 0
682 0.9612268518522825 0.1044560185183755 0
683 0.9618055555559655 0.09895833333317949 0
684 0.9623842592596485 0.09346064814798352 0
685 0.9629629629633315 0.08796296296278755 0
686 0.9635416666670145 0.08246527777759158 0
687 0.9641203703706974 0.07696759259239562 0
688 0.9646990740743804 0.07146990740719963 0
689 0.965277777778063 0.06597222222200512 0
690 0.9658564814817432 0.06047453703683824 0
691 0.9664351851854229 0.05497685185167282 0
692 0.9670138888891026 0.04947916666650739 0
693 0.9675925925927821 0.04398148148134198 0
694 0.9681712962964623 0.03848379629617655 0
695 0.968750000000142 0.03298611111101111 0
696 0.9693287037038216 0.0274884259258457 0
697 0.9699074074075014 0.02199074074068027 0
698 0.9704861111111811 0.01649305555551449 0
699 0.9710648148148616 0.01099537037034179 0
700 0.9716435185185418 0.005497685185170646 0